4818
4504
4637
4195
4770
6281
4077
5807
3850
4235
4168
4142
5441
5091
3744
5932
6019
5092
5054
3581
4902
5418
4570
5450
5047
5384
4931
4792
4554
5598
4720
4894
4201
4702
4996
4807
4685
4836
4530
4242
4599
4735
4584
4590
4623
3310
4340
4482
4213
4444
4520
4334
4063
4455
4535
3171
4649
4603
4659
4416
3138
4096
4512
4522
4717
4604
4363
4006
3305
4728
4373
4280
3947
4880
4833
4091
2571
3880
3981
4064
4278
4153
3888
2541
2710
3748
2564
3921
3940
3865
2566
3901
3763
4499
4411
3092
4578
4525
2587
4777
4434
2989
4491
3499
2391
4376
3451
3860
3479
3197
3815
3424
3305
3939
3108
3537
3542
3540
3315
3394
3636
3720
3380
4094
3331
4227
4032
4104
2253
4202
3033
3457
3174
3093
3061
3648
3369
3339
4031
2848
3376
3347
3221
2679
3202
3218
3617
3540
3434
3133
4560
3164
2714
2016
3557
3117
3102
3158
3579
3574
4004
3047
3206
3200
3338
3461
3086
3308
2965
2247
3198
2720
3190
3228
3218
4570
3137
3048
3208
2931
3110
3517
2777
3171
2975
3844
3169
2978
2571
3102
3276
3701
3248
3078
3073
2892
2890
2773
2574
3077
1685
1770
3084
2721
3011
2898
3152
3186
2961
3314
3068
3176
3033
3014
3164
3586
3029
2977
3630
2359
2472
3015
3252
1944
3259
3317
3094
1884
3326
2767
1791
2951
2780
3160
3272
3160
2911
2921
2074
2912
2954
2814
3278
2942
2637
2746
2948
1974
4376
2679
3378
3062
1871
2587
1900
4283
2563
1958
3559
2681
1822
2405
3546
3203
2120
2885
3035
2296
2816
4162
2906
3055
3123
2077
2879
2209
2875
2491
1887
2608
2592
2761
2517
2953
2772
2932
3137
1736
2488
4042
1807
1551
4136
1815
2886
1552
2564
1756
4243
1682
1070
2309
1728
4459
2352
2416
2722
2505
2876
2171
2085
2363
2497
2624
2503
2654
2216
2590
2711
1646
2623
3070
2731
2741
2408
2133
2393
1040
2577
992
2808
1669
2498
2210
2077
1729
1721
2233
4396
2811
4239
1261
2884
2220
3235
2938
4318
2836
2850
1537
2508
2678
3005
2303
2044
2706
1719
2548
1630
4465
2299
2507
2394
3262
2635
2965
1000
2600
2283
2572
3173
3193
2249
3194
1901
2550
3079
2975
2852
1851
2847
1810
968
3163
1777
2248
2870
1707
1210
1658
998
1746
1024
2606
2755
1920
1272
1556
2242
2766
4402
3004
1664
1646
1616
2134
2384
2641
3294
956
2691
2281
3701
3675
1326
1049
2721
2462
2564
1736
3876
2879
3027
1928
2086
3086
3040
3160
2243
3577
2456
4004
1522
2588
1405
1686
3846
2963
2931
3193
2239
3061
2934
3055
3000
2246
1260
3058
2955
2721
1502
2342
3052
3026
3354
1701
2989
2041
1598
4252
4145
2431
2993
2988
2979
2180
3519
2904
1989
1022
2217
1653
3048
2803
3322
1331
1937
2156
2151
1014
1309
2901
2088
2167
3407
1695
2977
4592
3426
4461
969
3956
1655
2220
1693
2968
1704
1148
2948
3475
1496
2176
3009
2222
2333
2943
2920
1563
3382
2149
3367
2174
1645
2189
2217
993
2938
2667
6475
1657
1644
4089
2755
1131
1631
6481
1629
3714
6210
6146
2316
1033
1629
1208
4707
1057
1612
1500
2199
1702
4387
989
1029
3463
2812
5813
1723
1650
1360
3734
4115
1156
1696
3830
1720
1087
2668
2177
1597
2904
2963
2906
3992
3964
1982
5976
980
2458
3835
3051
919
1594
2904
1655
957
1976
1450
2926
3259
3120
1654
1300
6195
6648
1601
3084
2883
1022
3120
5824
4014
2027
2655
1628
1464
2579
4280
1932
1638
2002
1586
2956
1700
2408
3061
1598
4171
1516
2944
2057
6445
2697
1210
5484
5672
6359
5428
1926
1964
986
2655
2458
1584
2310
3618
2353
2425
3494
4312
4297
1209
4041
1970
2079
3568
2806
2038
2810
2356
1070
3975
2337
2229
2143
1881
1001
2265
2513
2737
2210
3848
1016
3978
2803
1129
2326
2723
2310
3715
2755
2535
3138
3787
4229
2451
2353
2787
1559
2948
2428
1089
2327
1091
1889
2944
2509
3088
2192
3781
969
978
5552
2212
2472
2922
1939
5174
2786
5099
2197
2951
5464
2318
1086
2125
2206
5009
3916
2368
3782
5046
2609
3476
5004
1963
1791
4224
1148
2674
1504
2253
2205
1033
2138
2163
4654
2701
3692
3769
1061
2358
1002
1000
975
5869
3645
4753
1719
1998
4402
2841
1482
1694
3957
1519
2459
946
1757
2508
5740
3476
3450
2909
3109
973
5140
2488
4383
4627
3709
4903
2326
1716
3653
3367
1927
2452
4467
4853
5750
1292
2418
1685
2495
2759
1929
2498
2522
4341
3322
4748
2408
1925
4380
5187
3048
2863
4327
2567
2397
1669
2471
1950
2561
5266
2421
1118
2027
5371
2332
2520
2355
4385
2002
2989
2267
2746
2446
1779
3435
4801
2678
1683
2374
4752
4872
2450
2651
2810
2895
4088
1905
2375
2656
3764
2378
5115
1579
4005
4337
5936
2539
2481
4655
1998
2773
4215
2342
2478
2500
2474
4074
3112
2320
4286
2423
1709
1456
2899
4155
3085
1792
4408
3812
1648
1879
1640
4642
2876
2440
2286
3857
2089
2459
3484
2386
1683
5922
5127
2377
2436
2316
1876
2367
3530
3882
2414
2393
1501
2479
4604
1871
2279
2756
4558
3811
2419
4368
2042
4646
1736
4568
2182
2434
4277
3188
1748
1271
2511
3742
2121
4415
3082
5871
1765
4122
1548
2366
1604
2463
3415
827
2397
3430
5981
3015
3522
4172
3579
1726
4368
1791
1197
3416
4086
1838
1771
4192
1733
3892
5794
1790
1451
1925
2439
2299
4679
4608
1836
4595
4548
1723
4503
3008
2824
5738
1738
1690
4184
3729
3074
2151
4979
2826
4418
3629
2158
4000
1778
3830
4297
4306
3849
2829
1605
2157
3901
1772
4033
2814
4541
1439
4053
4217
4922
2818
3800
5771
5536
1485
1710
3910
5718
3786
2120
2149
3591
4021
4472
1604
3972
2560
1691
4449
2834
2236
2045
3082
3552
3066
4348
4398
3205
984
1258
4217
4852
3517
4364
2297
2741
2772
4048
2660
3981
6185
6364
4983
3490
2053
2396
4008
4284
3929
2412
2814
2730
3002
4002
1508
4409
1965
4027
1574
1736
4230
3543
1593
4508
2872
3413
5497
1421
2352
2454
4431
1669
3804
2073
2230
3145
3042
2467
2541
2045
2516
2362
5621
2658
3537
4142
2375
1993
2749
3854
5741
2482
5000
4900
2990
6341
4276
2875
2853
3595
4164
2150
4708
1994
4793
1852
1506
3880
1645
4575
3814
3366
4501
3413
4307
1301
4776
2412
4680
4440
3753
2410
2560
2651
3016
4070
3910
3693
2012
3012
1531
4389
4100
4677
3196
3457
1572
4736
2427
4682
2386
4256
2248
1891
4021
3953
2132
3705
1516
3390
2012
2319
2012
1523
1240
2153
2565
1602
4310
3074
2133
2500
3492
3528
1447
4535
4136
1698
1027
2242
1856
2154
3900
3466
2344
4544
2130
3027
2416
3184
3868
950
4161
2963
4283
4220
4361
2074
2052
1932
3458
1586
2439
2067
4163
4501
3354
2434
2064
2529
1124
4529
1941
4347
3635
5128
1549
2720
3480
4179
4169
1765
4272
1467
2244
2204
1485
1724
1403
4048
4358
3882
4006
2270
1576
4276
4734
2274
3917
4533
1104
1966
1008
4620
4974
4086
2675
4641
4211
1496
3778
4388
5295
3687
4321
4262
4328
1234
2620
1757
4191
5367
4398
2228
1844
4170
4837
3809
3745
4244
1472
1044
3379
3196
3900
1577
2687
4088
3091
3479
2837
3967
3383
2994
1969
1253
5148
1543
2921
1407
2763
1077
3332
3771
1651
4156
4370
3520
2082
3660
1721
1499
1492
3232
3727
5208
1498
4223
1117
4048
3165
4197
2385
1470
2881
4332
4609
5228
1723
3520
2433
4638
2029
5537
2202
2203
1848
2849
4215
4300
2625
2315
4940
4048
1530
2249
769
2534
3596
3749
3589
2706
3019
3814
5066
2379
3613
3067
2273
4572
3594
1354
5185
5317
2346
3562
4317
3415
2930
3507
3286
1251
3142
1795
3834
1044
973
2110
2326
1513
3652
1867
3585
2479
3312
723
2225
2466
5868
2011
2648
902
1693
981
5926
4327
718
1455
3887
3927
3849
1041
953
4063
2220
2346
3342
4255
4298
5842
3350
1847
4135
3211
1757
4039
4438
3649
3603
2317
2381
1369
3594
4679
3460
2846
1572
4421
3703
2419
3693
3244
3843
3719
3945
3295
4397
4140
3347
4893
3821
2256
4251
1015
5778
3912
5095
3981
5206
4268
3538
2731
5064
2803
3225
5646
5190
3245
3066
2831
4588
3404
2015
3965
3287
3689
1798
3968
5257
720
3689
1833
1705
4497
2478
2260
2152
2759
5834
4683
4445
5009
3145
4297
3793
4295
2093
3420
1222
2907
3908
2997
2695
3757
3439
3164
1153
5080
3170
4788
3889
1527
4337
3195
949
3592
2500
4036
2732
2271
4071
3213
3142
2002
1449
3938
2253
3567
1941
3145
3440
1515
3965
2056
1496
1197
2513
3308
1510
2981
1324
4507
1104
2714
3102
2809
4513
1662
796
3919
3138
2814
875
2770
3323
2605
3970
1604
3896
1438
1713
3479
3989
5155
3203
1539
2555
5221
3983
2081
4235
1657
1794
2834
1718
4604
3908
1508
3861
3856
4452
2215
3812
4466
3685
3246
2142
989
3385
3490
2977
2184
882
3454
4764
2872
4898
4401
1047
3129
3948
2289
3536
2248
2638
1488
930
970
3450
3781
3903
2773
3374
3908
2132
4473
3897
3645
3362
2388
1398
1541
3441
786
983
4148
1891
2672
1301
1520
3032
2012
3130
3444
4083
3443
2819
1614
3872
3056
2392
1236
1607
4890
1481
3423
3321
2858
2910
1148
1145
2939
4399
1412
893
856
2969
1594
3627
3063
2764
1295
4184
1486
2197
4374
5148
1396
2413
3841
1603
3314
4506
972
3070
897
3577
2340
873
2200
3771
3115
3136
848
2350
1471
4877
3061
3620
2377
4883
3023
4511
3303
1389
2286
1481
3058
3434
2752
1160
3480
1455
3735
2300
2861
3109
5719
3803
1381
2831
3558
3003
2888
3552
2196
2199
2413
3300
2960
2343
3451
993
3766
4844
2227
1654
3598
3558
3233
1427
2226
2956
3345
2726
2995
2929
2200
2730
3361
909
2814
3021
3864
4254
2188
3843
2254
2252
2190
3891
1502
1783
3134
2518
2215
1510
1982
5721
2237
2869
3234
1691
3562
1019
4165
3120
3367
3661
3496
3517
3725
5782
4139
2040
2138
4134
3493
2124
964
1713
2172
2641
3682
3964
3494
2364
4231
2222
2073
3124
3728
967
3417
3467
3605
2182
2691
3862
3386
3000
2943
4215
3051
4610
3427
3551
1805
3041
3010
2205
2117
1282
4292
2928
1986
1434
3537
2074
3897
1980
3621
2852
2827
2828
3063
4923
2420
2224
2842
2725
3762
2012
1568
1775
3122
2190
1559
2103
3199
3120
2934
3062
3584
1092
2078
2744
2356
3721
2030
1964
2140
4075
2676
2668
2944
2274
3713
1647
3452
2110
2833
4454
1666
1938
1475
2928
3393
3178
4027
2187
2229
951
2411
3136
3831
2734
2244
4727
3080
2938
3167
2974
5391
4208
4967
2755
221
2983
3744
1922
3027
4684
4940
2793
4335
4976
2947
3646
2047
5286
2200
2187
3524
3194
2529
3482
3109
2889
2132
2104
1498
4237
4491
3255
1071
3372
2378
2228
2899
2780
3245
3758
2808
1217
3233
2144
2518
3557
3427
2489
2925
2330
2735
2393
1528
2027
3508
2694
4668
3122
3185
2862
2637
898
3474
1207
2858
3770
4553
1740
2824
3302
3550
2045
5309
2703
3367
3907
2835
5349
2900
3108
3689
4215
4131
3762
2002
3716
3237
1540
4452
3187
4088
1975
3642
3357
3629
2194
3258
3159
2200
3792
4534
2968
3600
4119
3027
3585
2469
5207
2986
3022
1525
1586
2562
2437
1972
3165
3425
3514
3255
964
2943
1766
3092
3827
3413
1953
3381
2795
3536
3554
1954
4628
3806
1916
4047
795
4210
3954
1134
852
4225
2762
2553
3575
3012
3208
1096
2768
4038
2548
3655
2234
1631
2870
2943
3692
3495
5238
3599
2944
3657
4734
3346
1460
5277
2801
1443
2950
2910
3590
4660
2631
3398
1911
3987
4386
3086
2801
3279
2870
2840
3593
3554
3495
2537
3763
1708
2968
4647
3499
2112
2824
3392
2138
1492
2018
3568
4241
3136
3345
4611
2035
2947
2660
2800
1329
3338
2107
3149
2655
3846
3619
3295
4198
2517
3274
2876
2902
1369
246
3714
1066
1433
3654
1121
3235
928
2971
3855
3049
2588
2979
3667
4646
2127
2945
3467
1928
1900
2556
1386
1995
1657
3556
4019
3836
2005
3822
3689
3667
4138
3159
3622
2563
3803
3322
2522
3417
2697
3779
2730
3005
1307
3782
3136
2650
4019
1316
3767
4050
2090
3606
1395
1345
3623
1968
3478
3361
4208
3796
3650
4598
3473
1929
3590
3089
1951
3795
4049
3466
3709
2222
1454
3304
3502
3061
2987
3883
3704
4500
229
1180
4757
1873
2587
4275
925
2521
1770
1042
3096
3811
3761
3624
3617
2971
1619
4176
3625
1304
3872
3464
2551
4077
4100
237
3169
2068
4469
1305
4814
4576
3978
1724
2793
2997
2933
3483
2342
3159
3747
4232
3613
3395
1112
4565
2831
3190
3774
1625
3591
4116
259
3183
2542
2663
2038
3897
3508
3846
3305
3476
1338
2954
3146
2868
2855
2575
2443
2985
697
1320
3206
1032
3225
1406
3022
2870
2197
1393
3556
2908
3419
2963
3590
2619
3079
3242
2052
3456
2964
2318
2701
2225
2615
1150
3303
4037
224
1557
1022
1401
2577
1430
3667
1488
3820
3550
2913
3093
2003
1233
2270
1734
3773
3183
4125
2724
2527
4195
2021
3485
3129
2073
3546
4091
1205
2729
3840
2505
3125
5534
4476
4414
808
3235
4013
4027
2399
3678
4171
3596
2248
2761
2814
1339
2699
2924
3346
3682
3496
3493
4081
2882
2439
3217
3635
3645
3964
2263
3746
3369
1562
1277
3368
3216
2682
5571
2397
665
2913
1655
2224
3128
1669
2219
2417
3883
2900
2292
3012
2494
234
3939
2346
1917
2892
2119
2777
2976
3498
3912
3761
1649
3334
1315
1640
3894
2470
2627
4644
2946
3852
3503
3042
747
2474
4357
3147
3079
2875
2118
1351
2075
3044
2728
930
2000
5678
3023
3163
4470
3978
1717
4396
2822
968
3128
2239
3721
2489
4748
2940
2960
2565
2097
2192
2900
3684
1946
2888
2813
3587
3642
2716
3675
4129
2769
3562
3110
2901
2560
3655
2739
2130
2122
2678
2464
4378
3413
3298
3357
3820
3527
2884
3644
4446
3514
1264
2135
2759
3304
1993
1845
3297
3045
2581
3074
2065
3028
4277
2469
2093
1561
3363
2866
4011
4096
2163
1557
2647
1325
2845
4223
1357
3084
4019
2496
2207
3248
2656
5102
2138
3301
4128
3030
4376
4064
3637
3471
2817
3562
3371
2667
2673
3690
4716
3555
3701
1111
2454
2239
2820
2614
3654
2169
1528
3846
2085
3067
4027
2473
3426
2730
3723
2322
4242
3997
3208
2433
2391
2914
2133
2928
2434
3355
4903
2456
2676
2932
3038
3562
2902
2681
3692
3253
3136
3116
4416
2420
3099
2544
4292
885
4171
1193
2988
3640
1795
1626
2250
3939
4201
2969
4258
3389
2751
1156
3413
5463
2358
3530
2893
2176
1782
2563
3822
2202
2807
2519
3928
3877
3207
2826
4237
2316
4332
3796
2571
4976
4327
3848
2716
4415
3099
2419
3652
2705
2776
2731
3989
1628
3406
2275
2781
3900
1815
3075
2646
4049
2129
2676
3612
1486
2533
2685
2497
2839
2595
2975
2748
2939
2459
3700
4069
2035
943
2726
4609
3777
2902
2464
3836
2811
2296
4007
3145
2685
2163
4110
3889
2740
209
3399
2699
2830
4959
3880
4361
666
3549
2982
4021
1198
2197
1645
2780
2130
2508
1367
4131
1427
3277
2953
3255
2889
679
2103
3912
927
1681
2926
2094
2769
3090
2958
3531
2038
4200
2135
3160
2812
2985
2680
1364
4462
1764
3224
3320
3138
1558
4204
1343
2342
2663
3116
2583
3531
3974
2784
745
1075
3188
1923
855
1124
1577
3956
2030
2406
3838
1116
2805
4199
2258
2130
2895
1281
2708
2435
2896
2482
1845
3229
2046
4082
2473
1103
3388
3268
3259
2864
2799
2939
3443
3613
3762
4136
2427
4328
2462
1996
3138
2520
2819
4994
3151
4057
1829
1956
3896
1575
2591
3394
2279
2673
3044
2832
3541
2215
3019
2620
1028
2399
2850
2846
4086
4350
2065
3372
4112
2592
3868
1219
1383
2098
2891
2719
3466
4170
3480
1396
4934
1979
3343
2274
1066
2936
2886
3911
4077
2771
2872
2450
2404
3887
3219
2413
2013
3034
875
811
2704
4083
2071
1049
2335
3903
2381
4334
4634
1366
2773
2659
904
1586
2570
2614
2680
1263
2572
1578
1138
3670
3151
2546
2601
3296
1943
992
2468
3144
3097
2428
1758
3050
3263
2915
3938
932
2939
1999
3924
3825
3685
1070
2201
2964
4382
2218
4115
2326
2627
1968
2603
2796
1005
2213
4189
1013
2734
4060
3411
3057
4138
4215
2724
1315
2400
2914
3828
3258
4198
2081
2530
1583
2436
2343
3095
4971
1546
1770
3153
3716
3537
2057
4015
2308
3757
1542
3368
3244
2055
2007
2330
2509
3515
2422
3792
2554
3685
1417
2273
2552
2409
3347
2358
2803
2684
3967
4802
2302
2343
3770
2866
2840
2158
2640
2497
2745
2560
2320
2617
3047
953
4320
4037
3125
4191
4131
2714
2292
3257
3144
2639
2944
761
2594
2603
2658
2476
2033
1463
2639
3417
2805
4234
1038
2676
2796
1649
2329
3396
2735
2684
3799
3212
3096
3718
3892
2368
3544
2630
2768
4283
3402
961
1086
1142
1774
1978
2341
3853
1038
2734
2818
1558
2493
3338
1043
1043
4441
4497
1230
3785
2018
3743
1085
2251
3009
1628
1055
2577
3954
2605
3277
2802
3580
3050
2872
2321
762
2658
2608
1755
3000
2696
3851
2316
2926
4207
2361
2695
3885
2703
1821
2258
3103
2706
3100
2950
3088
2652
3458
2348
1570
3954
3521
3072
2513
2500
2007
2104
2266
1724
2768
3616
2578
1832
3066
1793
2613
2645
1934
3816
2044
2352
2861
2986
2963
2936
2023
2705
2139
2681
1334
2200
2777
2660
2887
2558
3105
2797
4296
2222
2586
2433
3230
3375
3317
4571
3004
2369
1887
3654
2309
1417
3057
2490
2659
2872
1489
3128
2475
2533
2582
2528
3019
2123
984
2504
1555
3878
3596
2381
1268
2324
3547
4045
3272
2209
3734
3185
4377
2434
3186
2097
2070
2268
3451
4061
1566
1696
2842
2680
2978
4335
2448
2082
1964
2162
3305
2433
2189
1601
3908
2074
3526
2404
3408
2009
2711
3886
2635
3366
2516
2081
3653
2328
3642
1780
3871
3827
2473
2853
2219
3368
3788
3276
2786
2715
2763
2683
2793
3810
2525
992
2307
2312
4075
2102
2926
1547
3300
3120
3563
2100
1053
3543
762
2350
3108
2138
3755
3276
2496
2300
3016
2026
3035
1579
2805
2186
2938
4937
2526
1508
3782
3550
3468
2006
1860
3095
2949
3931
2158
1521
2262
2465
2027
1757
3347
4106
3741
3742
2688
3346
3743
2290
2054
3479
2867
713
3845
3388
4329
2995
2866
2762
3496
1901
2560
2144
4242
3803
2740
2628
5436
1349
2451
2810
2228
2808
4361
2821
2988
2585
2878
1730
2214
1248
2105
3733
2744
3237
746
2516
3813
2383
2844
3103
2253
3195
2598
1945
1476
3116
1431
2722
2613
2549
2177
3615
2850
2489
2819
1022
2448
3314
4084
2949
1581
4881
2692
1906
2232
1739
2766
2903
3831
2715
2580
961
4392
2642
2866
2646
2104
4155
3594
3008
2146
2491
2166
2641
2455
2819
2235
2466
2519
2870
2438
2177
2051
3641
2273
2648
3887
1966
933
3765
2147
2219
2650
3423
3788
2709
2826
3658
870
3790
3679
2556
2695
3698
1599
2551
2645
1675
2716
2076
2680
1584
4081
3194
2669
2681
3112
1765
2578
2962
3371
1478
1849
1575
1046
4873
2368
2620
916
2578
1633
2518
4350
2748
1869
3083
2271
3505
3663
2459
2856
4306
2805
2207
1445
2149
2212
2776
3030
3773
985
2257
1868
1620
3197
2463
805
1567
3828
2797
2261
3765
2206
1390
2979
1246
1369
1529
766
2233
2871
2261
3209
2416
2133
1040
2212
2049
683
2700
3635
1672
4232
2783
2662
2739
2083
2005
2961
1947
2609
2504
1090
3384
1144
2151
3465
3863
2090
1769
1904
3217
2340
2307
2261
2458
2330
3908
2052
2749
2174
3046
1646
2523
4500
2582
2786
3741
730
4203
3428
2635
1733
3647
2762
2799
2620
2262
2271
2739
2532
2756
2791
3258
3279
3683
2484
2680
3222
2321
2277
1222
3840
2348
2639
3346
3505
2626
1019
3391
3712
2714
4414
4208
1132
2854
1486
3471
3381
2772
3381
1476
3447
2991
2999
2421
2792
2312
3205
2347
2756
2297
2180
2180
3473
868
2744
2646
2970
2581
2651
4124
3813
2995
2688
2327
3449
4387
2815
2016
2339
2170
2553
4237
2641
2446
4858
2961
2778
1586
2388
2513
2687
693
3199
3277
777
3724
1123
2837
1933
3342
1143
4588
2364
1147
1029
637
2775
681
2340
2750
2761
1676
3312
2632
2669
2961
2430
3000
3388
3307
3538
2221
3299
2701
2204
1552
3313
3130
1192
1212
2009
2766
3990
2423
4218
2546
1308
2743
2495
2928
954
1111
2611
3064
1753
2502
3267
2186
2032
3253
3285
2596
3580
2842
3174
1593
3199
3770
2602
2480
2535
3526
2240
2894
3562
2297
3254
1396
1447
2607
2600
2332
2074
3151
2341
3430
850
3854
2042
2943
3001
1079
1845
2153
4400
2710
3704
2182
4158
1705
2570
2122
2164
3350
2266
1524
2676
4151
2451
4078
3239
3943
2090
877
1041
3395
2108
2687
1719
1247
2717
2145
2034
885
2278
2620
3249
2484
1610
2935
2337
2780
2204
3994
888
2651
2194
3523
2652
929
1843
2643
3720
2364
3562
3836
3005
1847
3133
1796
1547
3590
1422
2553
2477
3032
3094
2806
2770
2394
3601
3574
2699
3260
2431
2193
2328
2704
3737
3705
2857
3245
1155
843
2674
1895
2391
2651
757
2787
1800
2880
2404
4072
2291
2715
2125
1865
2390
4048
2861
2732
2680
3471
2046
2151
3200
3739
4194
4163
3474
1551
1695
2019
2795
2797
2544
2731
2005
2502
3084
2605
2736
2585
2339
2499
2912
2557
913
1903
3391
2638
2232
3111
3369
2761
2377
2631
2523
1839
1939
3192
3312
3161
3102
2760
2875
2495
2564
2800
1434
2499
2044
3392
2176
1916
3503
3438
2804
1529
3089
3773
2438
1345
2118
1428
2519
2715
2685
2620
2966
2086
2376
2519
3499
2492
3920
2645
2818
3524
3180
3041
2413
3315
3445
2350
2159
3452
2513
2461
1413
1650
2703
2051
1681
2068
3091
2641
2407
3262
2756
2715
2125
2100
1586
706
2725
2300
3136
3423
1004
4480
1622
2170
2429
775
2647
3088
2398
2194
2910
1704
2751
3760
3784
2659
2768
1167
2577
2234
2516
1312
2731
1945
2601
1281
3042
2380
2137
1156
2415
2059
3165
2959
2758
3094
1101
3314
2734
2303
3563
644
1774
1845
1810
1428
2768
1741
2270
2464
2205
2998
2257
3967
2584
1891
2762
3893
2440
3212
3341
1494
2449
2848
1945
1664
783
2344
2903
3889
3837
2138
1261
2431
2827
2329
3143
3103
2295
3834
3060
2883
1139
2907
3098
3697
3512
3002
805
3549
2731
2277
3926
1005
2353
2056
1080
1182
2584
749
2460
3047
1210
2882
3435
1935
2066
2178
3669
2486
3765
3307
2095
3101
2406
2780
1086
3714
3379
2012
3875
4071
2674
2077
3714
2182
2700
2304
1068
2005
1740
2358
2817
3337
1352
2625
2802
2851
2610
2046
2722
2726
2403
959
967
4136
2488
2362
4260
3538
3165
3854
2740
2263
3691
1432
2162
1938
2554
923
1471
2145
2286
2966
1976
3606
2705
2583
2184
1426
2223
850
1659
820
1272
1662
1131
2241
2767
3004
4259
2419
3929
3988
3578
2416
2912
3512
3557
3204
1775
2238
3389
839
1262
1703
1739
1303
2016
1882
2970
1890
4430
1853
3072
790
2122
2639
2975
2342
4099
3737
2034
1247
2263
3722
2751
2304
2223
3728
2041
2807
3598
1764
4517
2673
2452
2001
1610
2581
2525
2930
808
2496
2733
3012
2970
2322
2608
2253
2100
1907
2389
3303
1910
2954
2774
2164
2023
2584
1563
1004
822
2100
2922
2082
2094
2762
2436
1171
2303
2910
3612
2984
2683
2889
2699
1902
2608
2545
1832
2706
1783
2092
2105
2371
1851
4096
2070
2901
2213
2502
1788
2540
2307
2786
2398
2155
2439
2702
1832
3938
1443
2093
2760
2984
3563
1449
2620
1496
3534
845
3609
3485
1875
2739
2692
2905
2851
3189
2374
3836
2960
1731
2806
2294
3457
2483
2089
2720
929
2113
2713
3648
2874
1266
1832
1569
2038
3937
2048
2122
1922
2343
2307
2843
1980
2407
1518
2768
1763
1225
2668
2688
3622
4151
2054
2891
1533
4107
2876
2276
2862
1416
3864
930
2881
2923
3739
2511
1798
3733
3274
2682
2796
2016
2651
2368
2723
1130
1479
1713
3302
3334
2493
3465
2994
1382
2214
2582
3201
1553
3364
2614
2486
3485
2367
2639
3042
2027
3450
2326
2171
2120
2071
1941
2985
3116
1344
2266
2053
1530
1593
2987
3259
2480
2659
3097
3344
2624
2398
3402
1679
2256
2315
3313
2032
4383
2605
2348
3338
3141
2679
2074
2008
1551
2576
998
1960
2670
1918
1580
2112
3513
2769
2399
3599
3590
3225
932
2052
1496
2861
2497
1379
1437
2343
2405
3336
2056
2368
2951
2785
4072
2061
4743
3380
1629
3756
3322
3354
782
932
2579
2001
1763
3654
2086
2060
2318
3629
2170
2714
1884
1463
2498
2770
3375
2475
2587
3401
2485
2261
3866
3709
3262
1899
2171
3534
2819
2358
2542
1871
3330
3257
2700
1667
3474
3484
2045
3491
2587
2604
2838
1959
2543
2107
2445
2218
1726
3610
3968
1383
3005
1687
1318
1734
3189
1966
2476
2045
2063
1498
2044
1885
1485
2204
3440
2137
2633
3199
1843
1407
2039
3053
901
1991
1979
3424
1883
2601
3271
2649
2396
2246
2369
2631
2316
3027
3051
876
1689
988
2434
2295
1892
2099
3526
3378
2700
3400
3326
3857
2489
819
2526
2576
2023
3723
2517
3326
2983
1733
2398
1038
1205
2465
2898
3522
2596
2249
2013
2836
1846
944
2469
1747
2195
2118
2720
1502
3567
2035
2696
2614
2298
3497
2017
3610
2028
2150
3206
3988
2977
3666
3710
1304
3806
1767
3333
2059
1920
1624
2550
2157
3110
1005
2879
2596
1799
3554
1982
2801
1465
3761
2625
5312
3311
2548
1892
3181
2566
2021
1384
3490
1606
1208
2741
2751
945
3146
2179
2018
1373
2650
3276
2865
2355
3096
2583
3171
3377
2678
1574
3424
1749
3812
1653
2387
3552
3784
3565
1162
2943
2076
4001
2828
2405
2043
2500
2391
2434
2909
2110
3517
2527
3421
1441
3385
1021
2554
4060
1827
2525
3357
2613
885
2155
2574
2770
2889
1211
1757
2290
2715
2601
1967
1869
1687
1782
2346
2904
3396
3028
1973
1731
2634
929
1918
1164
1812
1868
2729
2081
3536
2272
2562
2601
1236
1200
2146
1545
2855
2482
1922
2402
2749
1939
2295
3471
3456
2826
2182
2292
2571
2191
2235
2675
2976
1287
1903
990
2206
816
2705
2335
794
3809
3679
2904
3438
2978
2023
2945
3587
2630
2338
2857
2783
2051
1777
1724
2011
2188
4047
2713
1631
2278
1917
1831
3145
1494
2866
2697
4157
2963
4045
2619
1502
2847
2075
2900
3039
3716
2755
911
2796
2441
2633
3221
1340
2303
2324
3222
4087
1096
3384
2298
1798
1924
2529
1370
1130
1993
2095
1380
1128
1948
560
2119
2740
2226
2795
4067
1157
1957
2387
2259
2592
2039
3646
2909
2027
2713
2024
2512
2031
818
3643
2616
3176
2822
3926
3397
2130
2838
3494
2467
4137
2403
2778
1961
3237
2227
2348
2276
2404
3449
1913
2435
1286
2879
3769
3236
1206
2061
3250
2251
3511
2754
2013
1893
824
1969
2440
2933
2910
2705
3259
2444
2904
2575
2846
2193
1920
2264
2726
2041
3983
3389
2786
1642
2943
2799
725
1996
2692
2756
3594
2522
2065
903
1680
2873
1485
2304
2315
2378
3336
2858
3659
1994
2821
2160
1191
1762
2305
1572
2003
3513
2105
1858
2063
3439
3192
2470
3514
2507
2684
1336
4256
2875
3017
1976
2193
2405
1403
2343
2147
2941
1874
3097
1218
691
4366
3422
2051
865
2320
2440
2595
2049
1194
2372
1576
1601
2257
3707
2498
2910
3055
2228
2371
2874
1853
2497
1787
1789
2290
1631
3048
2380
2465
2469
2266
2712
2204
2382
2910
3195
2537
1989
2952
1955
3463
2969
1225
2653
2147
1889
1688
2266
2307
3137
1560
1500
899
2700
3900
2903
2627
3188
2610
1265
2500
2768
3051
2061
3208
1216
1915
2155
3421
1473
1754
2873
1531
3114
2381
3242
2185
2201
3226
2609
3485
2301
2403
2221
3640
2414
2958
2834
1935
1859
2727
1894
2582
2404
1801
3063
1834
2070
3778
3029
2482
2496
4492
2275
1942
2636
3039
3669
1974
2743
1594
4053
1803
2483
2553
1874
2883
1070
2302
2271
1826
2480
2121
718
2809
3567
1370
2408
1616
2736
1147
769
1293
2232
2921
3305
3566
2504
2112
2532
2087
2753
2321
1648
1822
2723
1215
1352
2656
1864
2785
2655
2328
1094
2849
2777
1492
1997
2140
1615
3410
2694
3219
979
1728
1720
3044
3265
1890
1829
3562
3558
3209
2171
3742
2153
661
3568
1776
2749
2292
2232
2724
1272
2300
2690
3177
1967
3760
984
1980
3705
3611
1253
2386
2517
3494
3006
1776
1499
1974
2895
3224
755
2612
3313
2320
792
2001
1941
2711
2721
2440
2312
1739
2541
2667
1838
3156
3325
1935
2440
2475
3055
3212
2217
2719
2761
2442
1727
2006
1696
2477
2250
2314
2095
711
2044
3709
1049
2193
2068
3709
2374
1895
3281
2633
1291
3085
2742
2609
1305
1505
2248
3197
2831
3155
1779
1829
2806
3126
2166
1315
2843
2079
811
2774
1748
3142
3000
3452
1501
2109
1913
1934
2607
1396
1541
2467
2410
2287
3422
3300
2563
2089
1773
3181
825
2406
866
2485
1556
2916
2321
2025
1495
2484
3375
2345
821
1439
3581
1223
1815
2648
3025
1972
2422
1449
2863
3175
2252
2026
3297
2593
1726
2271
1683
3415
1971
2530
1319
2631
2137
1390
3651
2471
3463
1568
2051
1697
2373
1869
2379
1626
1770
1761
2983
2609
2853
2799
2431
2442
3091
2376
3412
3143
1734
2347
1933
2910
3722
1989
2722
3803
2814
3165
1187
1038
2219
1785
1389
1249
3020
3277
1813
2294
3748
2770
1206
2247
2736
2095
2703
2202
2423
2128
1284
1035
1848
2333
3636
2801
1391
1028
2583
1987
3467
1847
3749
2958
1437
2119
2628
2631
651
3361
3402
1973
2850
2491
1752
1659
2861
2724
2236
1799
2701
2775
3719
2223
1957
2074
2848
2887
1887
3354
1879
644
2803
1974
1369
1611
759
2050
3047
2047
1931
1602
2864
3631
2423
3408
1512
2480
3456
1847
4221
1895
1816
2845
1314
2294
3215
2273
1974
1210
3211
1572
1374
789
3122
1771
1616
3058
3453
1848
1760
2039
3394
3106
2488
846
2125
986
1725
2772
2635
2932
2782
1806
1869
1567
3744
2123
3397
3135
2450
2528
689
1703
793
3320
1622
1577
3713
3712
3650
4136
1433
2491
2347
2399
1752
2800
3369
1907
2809
1148
2709
2173
1421
3591
2621
3938
1318
1584
2658
2835
2730
1901
2073
2534
1418
2101
3392
1155
1296
1472
1772
2197
1700
2469
2278
1372
1997
1926
1749
2968
2277
1983
1096
1518
1376
1911
4044
2450
2201
1520
911
1368
1602
2196
1991
3638
2907
3214
2310
2056
1905
2661
1622
1916
1886
3140
1453
3165
1636
3683
725
1446
2631
1719
814
1458
3167
2266
3307
3071
3016
3143
1150
1325
3419
1662
3140
2685
2228
1856
3808
2557
1387
3410
2292
3656
808
1370
2852
3202
1884
1064
1442
636
2398
3008
1494
2736
2106
2707
4015
2226
1294
1857
3425
1346
2721
3000
2127
885
2534
1500
2445
2530
3835
3167
3237
1859
1840
2802
1243
2823
1317
2102
3707
2527
1273
3422
2055
1734
2435
1483
1711
1106
2077
2453
2483
2822
2086
1253
2422
2455
871
2754
3189
2200
1916
1986
2318
1729
1634
3431
1901
1249
2448
2379
1641
1973
2353
3556
1736
2491
3744
1905
1203
1366
1577
3076
1186
827
1850
3738
2267
2783
3931
1191
3616
1284
2688
1702
3461
2499
1644
2644
1485
1537
2604
2736
1923
3481
3402
1714
1977
3283
3450
2726
1622
2456
670
1210
1154
3385
3332
1156
3091
2080
2894
2512
1425
2582
2583
1306
1789
1172
1859
3797
2596
3385
2712
1626
2550
1567
1395
3161
3203
673
1110
2488
1728
1517
2686
1058
1322
1534
1826
2246
3047
3316
2301
1878
2800
2682
1747
2247
1507
1858
1147
2690
2085
1380
3152
1512
1273
1828
3242
1999
2241
3317
814
2318
1376
2022
895
2710
3379
1214
1170
3617
2256
1576
3141
1797
1326
1779
2435
1468
3805
2098
1608
3001
1497
3326
2889
2063
1806
2383
2752
3100
1496
1578
2187
1646
1830
1194
1229
2902
1449
3279
1247
1267
1912
3191
2379
709
1616
2517
1509
2594
2704
1845
1041
2247
2125
2319
1509
3128
1917
2890
1670
3550
3292
2655
3425
1717
2207
1352
2083
3453
1122
2342
2210
2405
1641
3108
3227
2896
2231
1171
2293
2006
2159
3229
1712
928
2103
2933
3505
2708
2754
1710
2590
3462
2558
2939
1790
966
2729
3224
2243
2193
2446
2921
2441
2013
2835
2036
1462
2747
1535
2946
1908
3238
1855
3288
2104
1986
3284
2241
2242
2518
2344
2967
3061
1514
2483
2730
2338
1570
1463
1815
1245
2937
1298
1787
2557
1615
1392
2516
3960
2479
1651
1662
1364
2244
2808
1112
844
2215
3075
2667
3805
3420
1942
1565
728
1150
2678
1144
1718
1663
2421
2509
3291
1267
1818
1002
2087
2513
3194
2311
1569
1558
2744
2338
2310
4949
1598
1958
3465
2031
2378
1408
1390
2610
1992
1991
2867
2027
1937
2375
1944
2479
2824
1291
2562
3758
2895
1488
1963
2693
2986
1643
2466
2516
2640
2607
1934
3774
2534
1611
1566
1679
3784
3170
3374
3288
3625
1772
2747
2833
1072
2334
2137
2079
3337
2492
1335
2510
1283
3200
1225
2857
2200
1881
2775
1751
1393
2499
2818
2562
1444
3367
3529
1735
2763
1220
1602
2585
1593
3074
3204
2661
1479
2071
1694
2447
3744
2085
1972
1268
2020
3184
1903
1382
1877
2802
1555
2588
1539
2914
1626
2016
2015
1989
2352
2032
1902
1178
2151
927
1408
3240
1172
1771
3690
1700
1706
1325
1930
2067
2196
1888
2365
1971
1240
3744
2895
2130
1822
3741
2381
3148
2243
2684
2585
1965
1325
2159
2411
1580
2545
2629
2100
3470
3021
3006
3246
926
1836
1515
3834
2243
2326
1998
2236
1459
2598
3312
1660
2522
2140
3403
1708
1827
2565
3218
1334
3238
2436
1407
3508
2794
2761
2215
3002
1954
1635
2585
2843
2852
949
3112
1762
1705
2527
2181
1289
3027
1176
4095
2989
2882
1819
2490
2191
904
2040
1450
1519
1401
3317
1757
2612
1702
3156
2109
2425
2670
1626
2835
1067
1809
2398
1492
2076
1172
3779
2425
2718
3104
1796
1446
1679
2567
3318
2577
3228
2602
659
3158
3187
2595
2737
1716
2800
2332
3074
1634
1329
2946
2311
2809
2534
2540
2511
2275
3479
1924
3389
2859
3015
2548
1540
3116
1576
796
1511
3292
1301
2455
3602
1632
891
2514
1322
1852
2019
2482
2716
2316
3771
1739
3773
2419
2936
1408
1546
1117
2471
3035
3058
3754
3000
2859
981
3371
3332
1067
2028
2514
2556
1363
3151
2106
2208
3350
2049
3710
2234
1378
2448
3018
2142
2299
3880
2160
2193
3668
1933
3710
994
1470
2573
1619
1871
1615
2344
1056
1800
2672
640
1076
2432
1985
1251
2309
1858
2976
1539
2718
2091
2468
2636
1608
2317
2264
2005
1009
1474
2386
2140
2050
2656
2353
2031
2129
3133
2247
1655
2835
3594
2753
2080
2442
2463
2381
2136
2206
2381
2476
1809
1991
2960
1198
3238
2199
2210
1512
2066
1999
1978
1207
2362
2870
2920
2013
3557
1504
2730
1903
2448
1274
886
1450
1199
3537
2725
1524
1265
2416
1673
1068
870
2013
1723
2310
2667
1815
3057
2025
1423
2886
1928
2686
2855
2847
2414
2693
1641
1235
3149
1536
1889
2455
1027
1912
2792
1985
1754
2840
1512
2487
1897
3167
2362
1296
2707
1247
1077
1593
1985
2282
2664
2204
2593
583
2608
2490
1392
2086
2173
1949
2885
1253
2303
1669
2528
2573
2029
2625
3120
2263
2523
1045
1914
2537
2596
3128
2586
2211
1826
2435
2160
1732
1574
3336
2524
2159
1380
1917
837
2015
1698
2648
2159
1066
2494
2186
1859
2729
2243
3090
1952
1070
1843
2292
3331
2035
2270
2548
1004
2458
3058
1649
2363
3421
1695
1188
2634
1946
2026
1629
642
3705
1684
1566
1978
1601
1978
1742
3078
3044
1665
3750
1815
2044
1192
2320
1746
1115
2278
1085
2344
2854
3247
1116
1996
2303
1353
3182
1280
1509
2832
1669
2643
2804
1332
1614
2306
1709
2667
1614
1345
2483
1762
2984
3711
2430
2891
1863
1813
2020
2540
1715
2718
2510
1369
715
1430
2799
1733
2407
1186
939
2089
1687
1695
2452
1362
1934
2163
3087
2460
2231
2176
1388
1547
2592
1589
2419
2327
3193
1612
3674
2341
1849
1747
2740
3088
2812
687
2826
3709
3601
1890
3631
783
1731
2425
2111
2475
3230
1779
1487
2440
2276
2288
2584
658
2495
3212
2634
1642
2217
1751
2473
2390
1255
1470
3139
2572
3024
1396
1541
3048
1113
2128
2043
2442
2092
2081
1796
1328
2383
2582
1526
1434
1064
2066
1561
1905
1812
2478
1824
2522
2961
2211
1747
1183
2096
1931
2400
665
1850
2187
1917
1977
2095
1550
2137
1361
2553
1250
2256
2660
1897
1722
2372
2373
1008
1780
2611
3373
1242
1666
1637
1095
2224
1827
2668
696
2647
1792
2246
1354
2249
1453
1716
768
2923
3289
1483
1591
2337
2872
3165
1094
1278
3070
2485
1662
3845
2207
2824
2636
1604
2251
2697
2655
1695
799
2426
2165
2593
3518
1722
2665
2915
805
1542
1836
1976
1600
1788
2662
2328
2792
1916
3333
2533
3104
1898
2498
3348
2261
1560
3025
1769
2287
1880
1530
2701
1360
2446
2884
2202
1997
1020
826
1846
2610
1076
2606
1388
3951
1174
2691
2797
2585
2718
2286
2352
932
1905
1561
1551
3617
2090
1328
1390
1467
2928
2215
3604
2796
1407
757
3275
1698
1582
2845
1410
2103
2571
2660
1382
2438
2216
3465
2640
1786
2928
1746
3010
3301
2778
2585
2045
2297
2636
2726
1500
2723
3266
3632
1921
1891
3626
1515
1824
1349
1094
2091
2757
2035
2294
2250
813
766
795
3218
1095
2162
3373
3470
2486
1959
2020
3477
1561
1563
2142
3528
3957
1157
1751
1529
1525
1909
2777
1441
2804
2676
2124
2493
2693
2470
1946
2458
2392
1728
1420
2738
1658
1774
2131
1663
2708
3441
3535
1915
2220
3801
2363
867
2216
2185
1480
2439
2627
2174
1652
2056
1790
2220
1935
1723
2237
1971
1674
2478
2598
1726
1570
2197
1800
2694
3649
1938
2120
2461
3097
2147
1465
2982
3470
1591
2256
1328
2640
2045
1399
3232
1716
2035
3319
3737
1538
2759
2015
1250
2031
2463
3543
2362
1518
3949
1780
3633
1372
2790
1643
2176
2663
2922
2137
1372
1727
1512
2578
2993
1560
1824
1392
1631
1572
1616
1397
2303
1218
2083
3156
1940
1961
1411
3692
1864
1274
2435
2218
2434
2744
2100
2639
2487
2048
1988
3175
2744
1237
2061
2580
2381
1183
2059
1476
1598
3637
2426
1871
1613
2207
1979
1552
1806
3250
1596
1918
1502
2500
1696
2234
3071
1586
1860
2350
1198
968
2866
2307
1700
2056
1404
1695
2157
1876
1923
1385
1677
3006
1773
1673
1724
1900
3096
2494
2426
1729
2226
3681
3329
771
1499
3265
1969
1360
2182
1556
1815
1292
1626
2537
1585
2993
745
2516
2305
1503
1755
1363
1637
1860
2399
1432
1225
1387
2787
1717
2283
2050
1595
1692
2373
2821
3151
1609
1082
1917
1416
2086
3455
2623
2268
2396
819
2517
2170
2267
1435
2236
3007
1177
1699
2162
1562
1670
2432
2366
1701
1975
1968
1856
1525
2646
1531
2934
896
1274
2628
2075
1999
2678
2922
1261
1091
2118
1927
920
1480
2764
1783
725
549
2432
2735
3092
1663
1854
2290
1435
2602
2606
2751
1122
2432
2289
2130
2235
2699
1825
1945
3556
1618
1466
1785
1901
2595
1565
3411
2410
1956
2617
1372
1904
1473
2358
1349
1456
3637
2636
1873
1658
736
2451
3633
3238
3362
1271
2393
730
3155
2325
1625
3465
3679
710
807
2349
1537
1231
2220
860
1651
1809
3147
936
2692
3372
2199
2230
1370
2771
4005
2287
2237
1428
3714
1436
2880
3399
1777
944
1766
2467
2131
1908
3609
1938
1524
2735
2210
1796
2361
3232
2885
1682
3370
1110
2681
1333
2872
2545
1504
1884
1896
2103
2171
720
2769
1886
1914
2313
2549
1871
2440
1931
3040
3091
1951
2382
3259
3163
1756
2774
2964
1692
2448
1068
2779
1017
2705
1481
2161
1384
2642
2667
1965
1152
1320
1468
1394
2315
1514
1329
2778
1794
730
2218
2501
3280
1127
1373
4288
2225
1365
1247
2001
1735
1231
1513
1888
1900
2205
2634
3866
1988
1396
1957
751
2746
2329
2578
1915
2264
782
1774
1982
2627
2194
2008
2155
1999
1535
1990
2172
1453
2708
2544
1519
3695
2483
2302
1095
1498
3273
2962
2550
799
1785
2426
1879
1407
2300
1596
1752
2718
1986
956
2237
2852
2356
2635
1074
2947
2361
1925
2688
2554
1267
1285
2642
2233
2655
1985
1575
3933
1916
1235
3210
1797
2687
1239
2663
2647
2658
2474
2303
1383
2010
2765
1950
1772
2265
1995
1451
1590
2263
1805
1880
2555
2164
1095
2049
1606
2246
2042
1753
1646
1206
3007
2556
1620
1538
1987
10
2433
2190
3687
1668
1402
1883
2044
1884
2266
1806
2880
2530
2737
1614
2448
2690
1548
928
1321
2244
1492
2797
1193
3772
2680
2238
2091
1899
1649
2927
3363
3658
1866
2121
2996
1534
1806
2309
3314
2243
1502
1441
1551
2798
1902
1326
1588
2470
1349
3169
2401
3393
2790
2125
2986
1300
2209
1060
2508
726
2664
1192
1148
2750
1729
1639
988
2388
3779
1583
2978
1525
2059
2158
3063
1437
1868
2183
1090
2627
2785
1869
1252
1577
3065
2033
1411
2563
1679
1390
2764
1220
3736
1498
631
621
2260
1278
2128
1861
2606
1480
3422
1957
2483
887
1527
1300
2610
2389
2618
1444
2555
2479
2539
2178
1298
1905
2213
3513
1088
1703
2395
1854
1427
1973
1582
3676
2853
2034
3230
2254
742
3100
2077
2592
3412
1460
2361
692
2367
2953
2870
1623
2741
1618
2504
2241
1887
2283
2454
2105
523
1959
2455
1650
2382
2027
3190
2107
1613
2430
1723
2846
1834
2435
2897
3055
2698
1720
2621
2605
2712
2787
848
1609
1868
2246
1869
1650
1402
551
3379
974
1804
2691
2206
2113
2488
626
1909
2792
2784
2639
1933
1533
2073
1454
1348
785
853
3111
3447
1786
2669
2604
895
2629
2838
2177
2583
1086
2737
1893
2192
1035
2354
1253
3697
2640
2331
2258
3820
1371
906
1798
3403
1472
1773
1859
1482
1697
2471
2069
1117
2242
3182
3333
2812
3721
2266
1093
1783
2735
1577
2069
2063
2515
1376
1598
3139
721
1304
1828
910
1816
1421
2446
2045
2857
2229
1945
2371
1879
1547
2574
1433
3235
1903
2608
2020
3005
2050
1298
2055
1051
1804
2419
2796
707
904
3062
2990
2694
1427
2791
1813
3339
3673
1491
1659
3695
2580
2334
2097
1362
2725
1516
2330
2576
2461
2251
871
2570
2477
866
1431
1418
2130
2327
1960
2675
2803
1652
1154
2475
2030
2014
945
1732
1594
1695
2108
2108
1563
2692
2890
1359
2033
1832
1746
2172
2319
1110
1567
2573
2842
2448
2212
2019
2813
2356
1381
1580
1857
2176
2459
1471
1413
2774
1966
2479
2997
2819
2337
1505
2650
1281
2521
1454
2674
3067
2537
2885
2105
2153
1413
3253
2655
2665
827
714
2361
2163
2695
2105
1653
2089
1427
2156
2731
1362
1752
1636
854
1463
2743
2393
2768
3111
1565
1500
2181
1615
2380
1279
2638
2339
2840
1139
2412
2780
2007
1266
2257
931
818
1199
1152
965
3621
2348
4150
3419
2776
1159
2130
1366
732
1952
2976
2824
3318
1109
2045
2279
2353
2895
3710
3088
988
1174
2858
657
2255
2073
1357
3294
1193
2465
1453
2096
1212
1346
2453
2857
1618
2079
1860
1841
1523
2020
1106
856
1490
689
1505
2622
933
1568
818
2727
1017
2821
2294
577
1185
924
2017
1476
3105
2917
1594
1942
2707
1739
2230
1437
1251
3071
2891
3139
1177
1548
1213
921
877
1696
1235
2250
1229
747
2284
2471
2286
1646
1238
2957
1236
1696
2451
2636
1477
1669
929
2722
1274
2659
2481
2412
2401
1613
1345
2305
860
1766
1285
2243
1970
2506
2651
3398
1066
1239
2263
1124
2034
1321
1787
1170
1600
2525
1816
841
1721
1514
3132
1866
2270
1657
2312
2477
1138
1299
2534
1205
1080
1559
1874
2151
1259
2698
2657
2552
1032
2633
2094
2721
1526
2917
1598
2394
654
2577
2193
2042
2090
744
1259
1525
1785
1377
2497
1673
1630
1017
1162
2922
2169
2373
2134
688
2741
1362
1484
1055
2511
1317
1493
1529
3394
1754
898
1307
2966
2409
1805
1947
1678
625
1794
1383
1702
842
2701
768
2154
743
2984
1170
1527
2369
2639
2034
598
1509
1300
1736
1530
1970
1149
2180
1458
2549
2512
2598
1781
1945
1769
2077
2163
1462
1982
1912
2480
1518
1994
2642
1568
2401
2716
2598
2327
2450
1191
2833
2116
1438
749
1980
1705
1451
3281
1270
2080
3161
1689
2514
1665
2367
1341
1965
1144
2049
2584
2743
1924
1179
937
689
1713
2551
2052
2214
899
1372
3156
2731
2466
2194
2694
2826
2504
1207
1692
1181
2078
2411
1533
3329
1857
1242
2577
1066
1719
2993
2129
2662
1182
2117
1938
1241
1403
2360
3112
2425
1568
2077
2681
1334
2598
2766
2178
2025
2112
1947
2592
2557
1410
2143
1767
2804
1914
1492
2274
2023
1797
1130
2424
2738
1032
2140
1584
1946
2409
1213
2243
2252
1313
1800
1308
2341
1621
2480
823
2668
2106
2109
1123
2380
2885
2637
1513
827
2001
1413
1351
2418
2454
2546
1855
1784
2412
2218
1004
1206
2083
1968
2643
551
1063
2541
1661
1265
2123
1969
2397
2336
2486
2378
2348
1173
1419
1387
1673
1403
2296
2197
2593
1615
2515
1766
1886
1864
1200
2529
2674
1905
1445
1689
1579
2302
2203
1473
2740
1192
1045
1043
1345
1569
837
1249
1570
1397
2790
1311
2068
3051
2930
2568
1978
2720
2590
2411
2161
1454
1588
2287
3236
2459
1200
1176
2133
2563
1954
2169
1321
2626
1843
1625
1958
2060
2037
1220
2374
2243
2152
1080
3020
1480
1777
2969
3039
2232
1857
3028
1629
2408
2160
2760
1655
793
1988
2894
2107
2407
2483
906
1534
2647
2130
1763
2603
1556
1131
1956
3736
2190
1697
898
640
2251
2661
1608
1266
2257
2999
2587
3417
2216
1307
1024
1754
1935
2225
1162
2399
2573
2185
1315
1237
1987
2629
2928
1498
1552
2290
2665
911
2382
1865
797
1530
1218
2693
2511
1612
1961
1543
2262
2442
1073
2459
1700
1001
1170
2747
2060
882
2659
1688
592
2730
1098
2319
2154
2148
1766
2999
1861
1164
1633
1220
1768
2169
3003
1438
2733
2392
1080
1166
2150
2213
1169
1939
1989
2003
895
2151
2523
1875
1824
1145
2351
2458
1031
1706
1051
1291
1714
1564
1885
2385
1369
2835
2141
2087
1288
1335
2507
3060
1840
929
2354
3622
972
2983
2957
1385
1170
1315
1649
1390
1394
2478
1596
928
2446
747
1890
2148
1628
1926
1148
2392
2997
1907
2667
1812
2095
2354
2282
1498
1572
2198
2754
1470
758
1175
676
2250
776
2211
2691
2236
1614
2478
2214
1576
2537
2371
2413
2157
2762
952
1939
1120
2011
1245
2931
1064
922
1992
1333
3595
1118
2262
3248
2053
2372
2401
1325
2532
1154
2334
1220
1147
1069
2245
2345
2231
1135
2149
2056
2011
1686
1791
1918
1573
2449
1681
1293
2080
1216
1466
1710
1134
1317
2025
2554
1296
2450
2000
2136
2683
1463
3467
1380
1720
2656
2535
786
2917
1208
2336
2354
1718
1424
2096
2034
2231
1489
1418
2288
2338
2752
3217
1557
1219
2377
819
1024
1856
1698
2305
1301
1301
1503
563
2160
1063
2506
1645
2772
2436
1243
1477
2550
1828
2349
885
1032
2223
2987
1931
2173
1325
1192
1121
3287
2385
2525
1773
2106
1457
2307
2183
898
2853
1694
1842
1394
2903
617
2059
587
1118
1325
1035
1756
775
2416
1807
1999
1579
838
2802
2041
2667
1133
2036
2002
2619
2812
2242
1469
1954
1856
2393
959
2292
2516
2322
2367
2474
2703
1582
2111
1446
2672
2501
2776
1220
2644
2361
2336
1803
1940
2099
2545
2332
1948
2074
2137
1724
2355
1306
1969
1241
2659
2725
1015
1325
1643
2240
2374
1416
1346
2275
1506
2359
2265
2485
1109
770
849
1042
905
1483
2935
1808
530
1989
1472
1355
1235
3520
2439
2147
1946
2602
1801
2216
2463
1892
1775
1294
2293
2022
1318
3274
905
753
2234
843
2141
2461
2998
2185
1566
1061
3784
963
2320
2489
1093
1342
2087
2438
1809
1877
2249
2207
1617
877
1594
1576
2363
2323
3606
2077
2693
635
2435
1204
1484
1203
2367
2956
1354
1399
2423
1839
1520
2967
1135
2105
2652
2235
821
1221
2357
2626
1630
1115
2242
994
2373
2426
2383
2012
2983
1771
1981
2303
2334
2550
1658
2494
2410
1822
1235
1767
1784
3005
1122
2628
2459
1683
1355
2265
1861
2125
3131
2307
2583
1458
637
2526
940
2305
2694
2074
1260
1939
793
2077
1758
2559
2867
1037
1938
1178
1740
1461
1438
2524
1689
1600
2161
865
2546
2584
1088
1359
2215
2089
2023
2138
2314
1989
1276
1235
2908
2271
1638
1394
837
2290
1550
2350
1787
1782
1904
1232
2242
2442
1761
2168
1100
2947
2101
2028
1457
1341
2001
2032
1480
2585
1336
2253
1741
1733
2710
2877
1063
2164
769
1557
2254
2676
2373
2007
745
2116
1967
948
731
1197
760
2302
2616
1988
1192
2848
2504
1802
2616
1179
1371
3597
2228
1669
2201
1043
2347
2145
845
2149
1755
1779
1019
2467
2303
1064
2212
1632
1200
2508
1881
2622
2036
1257
1926
2058
2037
2846
1650
1979
2799
2187
1405
1078
1391
2442
2450
2119
1185
1615
2649
2537
2075
1671
2078
1114
2155
2381
1699
1873
1650
2158
3010
2250
2314
1022
1226
2557
1254
1311
1038
964
1943
822
2324
1301
1395
1632
2238
2606
1206
1979
1874
1281
2134
1566
2458
2106
1586
1676
2114
2020
2122
2514
2036
1517
2484
1246
1458
1469
2067
2128
2507
2024
1638
2330
2356
2192
1734
1536
1564
2504
2404
1733
1290
1285
2350
1982
1717
1894
2047
2433
1319
684
1696
1657
2300
654
2051
1799
1593
1176
1304
995
2642
1632
2074
2438
2459
2424
2188
2137
1276
2063
1208
1868
2523
3126
1844
1613
2259
785
2238
1997
2047
694
2106
1300
2155
1707
2445
1360
1984
1750
2821
1994
1221
1892
2355
1315
1590
1107
1612
1601
2172
2512
2872
3694
1823
1232
2184
3011
1417
1919
1476
1916
2240
3354
2379
2298
1872
2447
1575
2810
2147
2089
1710
2092
2723
2305
1074
1749
2048
3095
1170
2025
1247
1228
2762
1227
2334
3051
1824
3009
2460
2321
1831
927
2025
2194
2131
1962
1768
2584
2432
2453
1380
2736
1839
1814
2498
883
1005
2009
1781
1779
2116
1022
2270
2746
1955
1759
2607
2064
1533
2099
1826
1997
2327
2619
983
1350
2551
2496
1043
1860
2351
1468
2088
3066
781
2539
2235
1813
2182
2107
983
1054
2448
2733
2423
2148
1116
2473
1859
2128
814
2211
1182
1507
2100
2377
1524
1213
2428
1955
1230
2298
2202
1217
1307
1964
1997
2513
2723
2751
1147
1807
2461
2648
1245
2621
1601
2253
2303
1468
980
2294
4011
2235
1356
2401
2587
2004
1383
1754
993
1262
2163
912
1580
3012
1373
3267
1167
2263
2259
1756
2216
2372
1132
3554
2403
2102
770
683
2626
2691
1822
2467
1720
2119
1661
1000
2432
1874
1914
1422
2427
2495
2084
667
1814
1887
1528
1104
2007
1317
2664
877
2018
1056
1426
2391
2133
865
2285
2354
2080
1359
1404
2255
847
848
2306
1912
1326
2227
1964
1643
1295
2387
2226
2384
2595
1902
1125
1279
2326
831
838
1935
938
709
2698
2141
2476
2689
779
2028
2456
1449
2293
3270
1911
1106
2542
1804
944
2145
2577
1326
1110
2561
2182
2361
3213
2099
2600
1788
1127
1547
988
2426
1361
1584
2089
1390
2394
2677
2553
1546
2023
2027
2787
1518
1195
1834
1753
1161
1847
2391
1505
2210
1161
2564
2018
1984
1070
1863
2087
1806
2107
1029
2509
2848
1521
1990
2449
2401
2398
1540
2383
1382
1509
1697
2622
2798
1909
1076
2013
2774
2561
1342
1218
2154
2537
1566
1255
1663
2514
2554
1868
1108
1875
1694
2612
2900
1045
1299
1311
1317
2216
1489
1124
2023
1064
2143
1773
2067
914
1125
2355
3010
1614
1174
2354
1316
1873
1218
1295
2231
2342
2333
1483
1668
1876
1670
1216
1074
1886
1489
1317
1665
2395
2417
2127
1844
649
2440
1269
1682
1153
2303
1837
1626
1477
2117
1365
1012
1920
2385
1313
1743
1116
3040
1895
3094
979
2358
2129
1129
1371
2315
1820
1475
1522
2712
3062
1929
2032
1782
2404
1127
2125
2284
1650
1029
2366
1118
1012
1511
1053
2420
2035
2041
2088
2582
503
1231
1994
1131
1557
2378
2004
2364
1293
1999
1427
1026
2207
2152
1699
1561
1190
1787
1590
2326
1972
1827
1939
1222
2294
2839
869
1902
2224
1829
1968
2602
1248
3359
2565
1940
1142
2221
2385
1054
788
1679
2144
2200
1265
2599
2098
1046
2162
1242
2285
3026
2628
2497
1356
2003
1823
2149
1453
659
1667
2508
1061
586
2334
1679
2347
1681
1313
1345
2480
2139
1373
2202
2078
1419
1144
1228
1441
1839
1288
712
1908
1511
2801
2749
1817
1960
2169
2086
1277
1380
949
2037
2613
1699
1464
2093
1965
1095
2294
2196
2282
2833
2181
1260
3044
1215
741
1532
2121
2731
859
2687
2474
1949
1576
2816
1934
1368
521
1303
728
1950
1497
2092
1787
2559
2490
1589
2829
2532
1065
1479
943
905
2341
1337
1423
2115
1126
1165
2148
1448
2282
1756
2399
1101
1910
2208
2026
973
1578
1284
3153
2075
1428
1360
835
2344
1234
2030
2791
2455
1534
2372
1785
2521
2172
2049
2285
1920
2379
1670
1100
2086
2706
1712
2369
2046
1610
1127
709
1074
1560
2199
1962
2066
1362
1314
1182
1568
2271
1225
1079
2371
1420
2463
1530
806
1350
2151
1859
2250
2742
1667
1564
2302
2372
1466
2556
2196
2621
1883
1730
2685
2021
2794
514
2135
1236
1950
1668
1426
2522
756
1779
1680
1486
1633
1661
1953
2042
2563
1381
2692
2529
2412
2194
2369
1454
1483
2659
869
2488
1141
2456
2971
1914
1670
2109
1243
1839
1404
1026
1736
2277
1446
1874
1397
1345
2289
1581
1947
2390
1718
2377
2130
2644
1853
1631
2000
1558
1388
1958
3107
3191
1468
2290
1473
1212
3243
1126
2691
1779
1892
2095
1849
1784
623
3091
1769
1092
1520
2600
1911
1157
1777
2005
688
2361
1843
1352
2197
1232
2492
1977
1951
1553
1840
1485
1824
1798
840
1870
1528
1112
2705
2204
1579
1766
1183
1777
1731
1238
1595
1237
2040
1619
2538
1127
1448
2001
1903
1201
1876
1007
1537
1845
2600
2194
2608
2313
1256
2056
2209
2068
1476
2393
2033
947
2117
1072
1858
2671
1325
1918
2423
2278
1151
1633
2911
2185
1088
2406
2046
2742
1966
1048
1138
1669
1953
762
2099
1247
1086
1140
2003
1283
753
1513
1800
1098
1803
1572
2224
1254
810
983
2006
978
2682
1020
2069
1485
554
1811
1597
1185
887
761
1785
1110
2604
1163
2188
1620
1827
2038
1725
1221
983
1943
1368
2333
2034
1476
878
2185
2074
2240
2197
1217
1046
2470
2559
865
2420
2565
1388
1936
1667
1873
1290
481
1045
1694
1912
1623
1861
2323
1079
1558
2173
1922
1996
2066
1912
1557
1372
1674
984
1351
1933
1038
1712
1836
1356
1702
1283
2651
1824
2247
2209
2061
1126
1116
1582
1089
628
1800
2444
1367
1352
1106
1881
2285
1430
2113
1049
639
1377
1364
1108
1318
1180
745
1377
1097
1874
1669
2702
2442
727
1949
3137
1305
1056
1284
717
1728
1174
1500
1483
2539
1913
1261
2385
1625
1377
2238
2251
2276
837
2289
1231
2304
2321
1284
2533
1074
1153
834
2279
2255
863
1265
2634
1059
1644
922
2021
1547
1405
1674
2551
845
1908
1890
1187
1278
905
2328
2713
1323
2113
2294
774
1418
1316
1874
547
2046
748
1373
718
1378
1479
1384
2706
1084
1235
2677
1789
2559
1452
1755
862
2565
1344
1345
984
2082
1419
2069
514
1788
1507
1911
1833
1043
2322
1726
2455
1010
1972
1334
769
2380
2291
2125
790
2332
2812
2252
2819
2143
1331
1508
1997
1870
1397
2183
1986
1598
2136
2531
769
1281
1120
1103
2033
1496
2216
2242
1166
2217
1530
2613
2747
809
1073
1388
2631
2686
584
1828
2609
2549
2284
2353
750
505
1277
944
1788
1116
2427
1042
2305
1902
1013
729
833
1135
1688
2075
1333
1344
1183
1510
2262
1064
1362
1640
1777
1542
2585
1049
1817
1281
2347
1546
1205
1297
1199
1257
1286
1104
2240
1430
2367
784
1392
2022
1879
1909
1123
1240
2265
1083
1568
1557
781
1506
2236
1105
848
2668
2147
807
1509
2058
1490
601
1312
1629
2903
1376
1624
1770
1401
2290
2119
2090
1773
2177
1967
2171
1200
2137
510
2437
639
1748
2348
1664
1144
2519
1822
2480
917
1141
2455
2420
1512
1528
2293
907
1293
1519
1867
1169
860
1865
2331
1821
2186
1968
1157
2678
2027
760
1885
766
1614
1720
1814
1678
751
1739
2190
1603
598
1961
1345
2370
1379
2057
2435
975
850
1846
1804
2005
609
1789
1843
2338
2189
1969
2304
1411
2270
1740
2361
930
1164
2268
2116
760
1477
2319
1212
1148
2224
864
2382
2228
1958
1419
1081
753
1336
1318
1185
2259
1474
2042
2499
2319
1407
2354
716
1676
2374
1086
2219
2213
1691
1347
1508
2152
1362
1493
1156
1954
2253
2048
2297
636
2231
2015
1530
1108
1980
1736
754
1355
1446
2208
1763
844
2030
1212
1923
1447
2165
2011
1885
1392
2359
1196
1090
2193
1182
1440
2466
1813
892
1433
1283
2227
2326
2114
2013
2318
1049
1118
839
863
1123
580
1360
1752
2437
2285
2012
1679
1283
1569
1428
1980
1612
3014
1738
1939
1146
1430
2390
1691
1803
2067
1339
1875
2159
2343
1208
2274
1004
2665
2015
614
1537
2321
1404
2382
2320
1608
1107
1510
1590
1419
2031
1411
1887
1068
1324
1959
2218
1465
1505
1353
786
1315
2172
854
1526
1128
253
1624
1197
1950
1058
600
2267
2069
2181
2349
1867
1753
1041
1686
1742
1487
1838
2231
1635
1526
2510
1255
1615
1498
1938
1015
1150
1289
2105
2297
949
3322
1792
1854
2129
2591
1085
2419
1854
897
526
1977
1835
1859
2392
2090
2172
652
912
2157
2337
684
1212
1238
2333
2215
1120
1300
1552
591
1214
1672
1645
2117
2573
846
1059
567
2734
1740
1980
2241
1046
1433
1166
2248
2259
1575
1800
1482
2248
591
2522
2874
1678
2342
2128
1068
882
1808
1337
889
1852
2530
1482
1759
711
1753
2453
1112
2752
2307
1496
1819
1567
1736
943
979
1795
1842
1361
1992
1482
1511
1841
1775
1195
1571
1934
2233
1334
1562
2303
957
1465
1861
2472
1554
1518
1616
2064
822
1832
1771
1824
2216
1664
2188
2024
2234
1820
2626
1897
1514
2054
2244
1209
2277
2006
1241
692
2269
2002
2330
2249
1921
1844
648
1010
1306
1384
2608
2492
1075
3021
1673
1702
2537
1627
1325
1838
2003
1756
1207
1466
1585
1393
1998
1992
2397
619
2057
2132
2073
1355
1942
2247
2083
834
1563
1855
1851
2177
1395
2076
3008
452
2160
1885
2060
608
1217
2525
1564
1321
2092
1841
1421
1296
1070
809
2364
2207
2248
1986
1766
1282
1869
808
793
1317
1580
918
2171
2226
1636
980
2038
2240
1429
723
1344
1733
1656
1543
944
1933
1931
937
631
2269
1079
806
1974
1020
2007
2338
1847
1891
1970
1335
1482
2210
2075
1084
1449
1843
1821
1837
1551
1288
1628
1670
1995
1940
1492
1057
1057
1047
1793
2544
996
2068
2111
2283
1130
1780
1592
1006
1464
1052
1959
2411
2339
1568
1774
1067
1979
927
1189
2370
2063
1035
1518
1233
1294
1928
2177
1779
2146
2371
1118
1369
618
949
2228
639
1754
1114
2317
2103
2454
670
1899
1116
1239
1778
3220
2114
1026
2224
1614
1226
1913
2577
2994
1279
1142
1352
847
1701
2135
2151
1817
1641
1824
1395
2154
1274
2119
2087
2236
1868
804
755
1230
2502
1015
2509
2063
1584
1963
1306
875
1888
584
1394
1802
1010
1992
1829
1915
2171
1208
1361
936
1714
1414
1014
2276
1344
1676
1312
2048
2363
812
528
1409
1151
2289
1219
2386
626
1096
1745
1576
1864
1654
1282
2023
1349
1743
1662
1508
1412
2609
1264
1757
2460
1607
598
1812
2143
1590
1578
1542
1081
1951
992
1435
1189
1982
2549
1743
1666
2144
1484
2028
2341
2152
1370
2284
550
2005
1874
1083
1883
2049
1141
2154
1446
2339
1819
1647
1845
486
852
704
2326
2031
2007
1983
1825
2132
787
1016
2629
2480
1727
1159
1000
1992
1163
1017
1315
567
3715
572
2173
2558
2062
2134
917
1734
1596
2041
884
2028
1856
989
890
2400
2106
1739
2216
620
1112
2162
1095
2394
1688
2310
1264
2930
1570
2298
828
1553
1934
980
2018
2087
1205
2401
1585
971
2937
1932
555
2332
699
1379
3082
915
1144
2324
1645
1228
1977
956
942
1081
2111
1362
1940
2151
2433
1759
1444
1930
1739
857
1034
938
1926
479
2516
2435
1336
1657
3030
2268
869
1291
1364
1333
2200
1792
2045
384
1012
1007
1677
1326
1494
509
1913
1959
1618
2148
2591
2075
2149
2360
2038
1992
1703
1749
1822
2173
2641
2314
2598
2252
2121
1928
2138
1410
1675
1510
1057
2345
1287
1342
1389
2148
913
2515
2546
1055
2096
1274
2375
1342
1765
1988
2312
2112
1033
1818
1223
2362
1048
1905
1018
2399
1555
1666
1300
2388
2229
1020
2618
2073
1650
1716
2046
2178
2998
906
638
1914
868
3205
1594
998
1281
2040
1990
1182
1296
1136
1323
551
2236
2229
1951
678
2090
2239
1036
766
1147
1290
1493
1077
1975
2087
1028
1169
1774
2670
2059
2048
2670
2365
1253
851
1202
2036
1062
3136
1020
2139
2598
1624
1190
2108
2132
1057
2722
1904
1089
2031
1708
1026
1971
1191
1898
1724
834
1865
986
1240
1755
1282
1506
1694
1766
1324
2243
1453
1623
842
2844
1321
1686
2141
1288
2326
1420
914
1696
2465
2059
2705
2231
1950
1594
1694
2153
2199
2107
1611
1802
2522
1525
1176
1820
1488
2037
1665
1118
1894
1127
1959
2170
1913
2997
1661
1090
1016
1417
1778
1339
1764
1828
1323
1308
984
1287
2177
1979
1019
2022
1086
1585
1818
801
2267
1681
1763
756
1913
1254
1331
1880
1829
2049
1538
871
1865
1211
967
1992
983
1104
1832
2219
1776
1456
1870
1860
1524
1264
1895
670
1588
2265
1800
1986
2078
1311
676
2177
949
2072
2099
1831
1310
1890
2035
2216
1915
1326
1068
1860
511
1209
1503
983
661
1364
1166
1429
1298
1081
2083
1573
2978
1906
1772
1844
1026
1921
2094
1192
1736
1821
868
2107
1409
2104
1401
1873
1301
1868
1619
1782
2227
1848
2248
2166
2137
1598
2067
555
1824
1068
1828
3658
1262
1570
1943
1830
1093
2144
587
1546
737
1311
879
1133
1626
797
1070
1449
2396
1061
1570
1343
1465
1395
1264
1034
1127
1336
2474
1852
2050
1349
1312
2251
1429
2005
1578
1990
2109
1759
2163
868
1732
1009
1576
1851
1328
2105
2001
2073
2673
1604
1957
1922
1517
1509
1316
2050
953
1707
1402
1988
2126
1932
980
2022
1969
1100
1005
2002
1829
1474
1841
2127
999
2184
1452
1349
1099
1503
1747
3184
2030
2042
1544
1589
2317
1866
1422
1690
2106
1957
2131
2288
3212
2297
2151
1248
1220
582
2032
1733
1003
784
1725
1184
1347
2502
1455
1903
1815
2534
1935
1534
2034
1646
1913
558
1464
1395
1783
1939
1163
732
1833
1849
1364
2186
1008
2151
2100
1309
1523
1675
1012
904
876
1542
1451
1256
1945
1408
1819
1150
786
1694
1861
1319
2282
2174
1241
1399
2326
1867
1947
1990
2125
1648
1049
1789
1863
997
1617
1512
1485
1365
1905
1194
1230
2011
752
515
2182
1972
1411
1404
1911
1928
640
1977
1766
2217
1539
963
2043
808
2069
1800
2317
1282
1525
1085
1829
1227
598
1835
1053
2244
2037
1722
1183
1758
1019
1748
758
1723
592
1721
1556
2023
976
1564
759
748
1561
1473
1286
1937
575
1173
2445
2600
955
1458
1305
522
1796
1884
1635
448
1798
767
1339
1278
2206
1972
1635
1651
1515
1495
594
957
2260
1281
1128
576
1693
1104
1141
1268
1112
1681
459
2009
1463
1229
2091
708
1761
913
2170
2067
1307
1465
541
1324
1393
1020
1219
2024
684
1512
1846
1671
1999
1429
2996
1432
1277
1386
1407
1289
1927
1663
2031
1970
1975
1732
656
1163
1365
2362
2499
2043
1247
1610
1985
2295
1430
1924
1292
1584
1076
1680
1329
1377
1088
1610
1473
684
1310
1652
1747
3160
2028
1916
1526
1712
767
1959
1539
2242
2576
1224
1730
1865
1147
1513
1066
995
914
1725
1277
1651
1739
3604
711
1372
1607
1494
935
2075
1652
2011
1537
1654
2199
1046
814
2514
1332
1394
1888
1102
1674
1135
1437
1514
1359
2198
1965
946
1486
2065
995
1500
1178
2903
1185
2176
1864
2211
1938
1281
1794
1847
719
815
1654
1896
585
2169
560
1572
1020
2077
2109
1516
1372
1788
1066
1275
2112
1868
1337
2064
1117
1413
2013
2025
1947
2123
1746
1040
1730
2585
1655
1830
1951
1441
972
1148
2137
1975
1850
2131
2415
1937
1804
1831
1749
2010
1044
1149
1437
1148
2214
1701
1480
2020
1422
574
1465
600
1200
1916
1684
1883
1046
1434
1165
1278
2100
806
1341
2220
2386
1851
1534
892
2241
1854
563
1941
2143
1414
2275
1402
1759
1918
2056
1296
1260
2049
1046
1638
1920
1857
2043
1581
1786
770
2336
966
2077
824
1519
1251
2124
1594
1929
1171
1620
1548
1039
1773
1358
2047
1697
1273
1792
1782
703
1581
1776
1851
1501
1762
1237
2552
1817
2008
1548
1271
1128
1096
2243
1479
2100
1172
1455
1169
1070
1455
1395
1758
1810
1609
1730
1844
901
2559
1418
843
2190
2301
2182
1941
1966
2141
1842
1322
490
1236
1474
2076
974
999
1825
2395
831
1392
2104
1982
1052
1968
1376
1822
1306
1589
1812
1577
2006
2700
1894
926
2185
2130
1146
1397
1540
1091
1852
1907
3549
1891
1740
1288
753
1234
1539
1836
1431
1788
1895
1736
1219
790
2025
1519
1220
1512
930
3589
1563
1755
1939
1004
1252
1757
1779
1888
1846
2059
2241
942
2309
1929
1028
1511
2230
1989
1335
1511
1990
1545
2217
1133
868
1571
1977
1808
1815
759
1736
2308
1228
1243
1868
1706
1795
1702
651
1822
2271
1669
983
1297
1058
1057
2650
1929
1366
1010
744
964
1875
1463
2402
1529
1898
2052
1728
1690
2202
1188
2105
2083
1699
948
819
1208
1293
1991
2463
2055
1556
1876
1695
1261
1162
1628
1565
995
1886
1942
1549
2886
1824
1234
980
1486
1457
891
1503
1814
2531
1653
1862
1866
1818
649
654
1382
1136
1621
1725
782
1733
1312
2384
1800
1997
2315
1639
1237
1862
986
2538
1984
1540
2343
1535
1192
1785
2179
953
2039
1027
1591
1417
1147
1358
1084
1366
1693
1274
1108
904
1004
1798
1746
1731
2045
1227
1273
1058
543
2035
1364
1450
2147
1295
1468
1187
1561
1916
759
1402
1778
1241
1101
1941
2119
1926
1241
1742
2158
456
1393
2335
1477
788
1079
1313
920
781
2145
1276
1231
2176
1841
1916
687
1754
1616
1977
1570
2014
1379
2189
1378
2139
1317
1733
2179
2587
1886
1203
744
1869
1247
591
545
2054
1475
871
2277
1660
1863
1950
1647
1945
2120
1718
777
2081
1796
1070
1857
1842
638
2028
1520
1939
1847
2200
1418
1826
929
1093
2373
1626
1239
1519
1509
1353
1747
1713
1231
1060
1705
1033
1018
1999
2197
1405
1524
1966
1024
569
1071
1126
2272
1461
1047
833
1041
1495
1232
867
1807
852
1835
1319
1420
1530
1364
1676
1490
1811
485
1421
1942
1526
1877
1796
648
1317
1334
858
1362
1625
1659
1953
1052
1934
1812
666
2201
1803
686
1191
1890
1875
1385
1036
1038
2232
1624
870
919
1796
1179
2949
881
710
1631
1289
1735
536
830
1265
1623
713
1153
1881
730
1594
1057
655
1032
801
1804
1949
1099
792
551
939
1501
824
1544
1520
1256
1999
1570
2164
1937
1094
1823
1782
1511
1093
1523
1501
1682
1302
691
1215
979
2318
1496
1353
911
1278
1220
1197
2325
1191
1699
1429
985
2069
793
2283
1780
2056
2285
1472
1906
1319
1455
1637
841
1604
879
1163
1869
1521
1661
1009
2181
1864
2131
981
1189
1837
1656
1627
1839
1117
2328
1864
1119
876
1407
1819
1112
1679
3018
2304
1500
1195
1177
663
2057
1018
1895
1268
1616
678
881
1072
2202
1728
1050
1277
2126
1762
605
976
1608
1810
967
2000
792
1259
1824
1845
623
2213
1360
762
1775
1713
2172
1939
1482
469
1034
1990
2127
1449
1904
1234
791
1777
1351
2636
1547
2033
1508
1613
1295
2073
2173
1315
1818
2519
2131
1807
1614
1162
1556
663
1183
1256
1709
1784
1036
1874
2192
1629
822
1726
1926
710
899
774
727
1154
2279
2062
1260
1734
1412
2424
1765
1760
2386
2199
1126
1273
1479
698
2160
2124
1562
1325
2180
1156
1665
1982
939
2013
1320
1264
1266
2071
1683
1625
1216
1481
1112
1672
1806
1578
1622
952
1301
1302
680
1982
1517
961
1912
1547
924
2116
1179
1308
1396
1822
1157
1210
1833
1880
261
1750
569
2054
1349
955
1841
1945
1937
1278
695
1179
2054
1386
1382
762
1560
1774
675
1194
633
1039
1078
1026
1207
1628
1014
1592
1054
1783
2048
973
912
1611
1862
2080
1164
1244
1829
1801
1627
1793
2028
1312
981
1692
1267
1039
1744
1496
1705
1501
1628
1342
1388
1352
583
1241
1530
1068
1873
2200
870
1525
1648
1983
2337
2081
1114
1361
707
2158
1983
2245
1547
2925
939
1282
1781
1890
2164
1954
1513
1361
1427
1452
1250
1782
1543
1138
1205
907
2152
1785
1330
1162
698
874
1595
1857
1805
1934
502
1952
1916
879
1289
1604
1703
686
962
1428
1159
1197
1106
1964
2241
1882
2043
1993
1918
1423
1708
1350
1108
933
844
2291
267
892
1201
751
1472
607
785
1839
1265
1702
1229
1020
725
1245
1482
973
1809
1159
893
1008
1101
1616
1126
1239
1278
1999
1332
800
950
1103
1593
1548
1193
1587
729
1119
1576
1496
593
1452
2051
1415
1076
1672
1656
2070
612
1237
1845
1922
1269
1828
1137
2003
1195
590
707
2017
2140
2031
608
1543
1984
1869
1841
1549
1609
1960
1832
1452
679
2259
2173
2374
908
1303
2588
912
1858
1277
820
1396
740
1536
477
1929
2406
2071
849
2301
1001
1714
2496
1281
767
961
1461
862
1251
987
1623
1548
2813
1391
1986
1214
1817
1128
2135
1356
1372
1869
555
1817
1759
1959
497
1879
1226
918
1037
957
1349
1868
2042
1215
215
1960
1576
1999
1882
1170
1176
673
1013
1313
1535
522
1562
1950
1026
1496
1321
1193
1336
1052
1471
973
1301
1554
2163
1881
486
932
1505
1170
2158
2214
1714
1729
2559
2141
1011
1179
709
700
1322
1807
2099
1057
1193
1381
860
1647
1206
1114
1251
709
1277
728
1207
1225
1483
1226
554
2345
466
1735
2235
585
3024
1746
1359
810
2155
1931
968
1426
1536
1303
242
1553
1166
1928
1732
1551
1275
1512
1056
1857
1921
1793
1441
1162
1500
1383
471
1369
2035
1828
827
1600
1305
1332
1522
1305
2166
1696
1295
1273
1152
1791
1475
1406
1972
1952
2247
826
2061
1186
2235
910
1294
1097
881
459
2117
1435
1058
1386
1827
744
1709
1972
1810
750
2007
1784
1112
2138
1167
1843
1443
1837
1611
1787
1457
1047
1793
1598
724
1553
1133
1017
704
1622
515
1993
1272
1147
1939
1017
676
679
1401
1159
1079
1482
1763
966
2032
2071
1401
1707
998
972
2230
1445
2291
453
1139
1047
1848
1250
2210
1400
806
900
1172
1183
2039
1042
1220
1334
1780
611
1144
641
1792
700
820
2050
572
1129
2194
1601
2070
844
468
1724
1553
1722
1024
640
835
1932
1791
616
2059
1574
1543
1401
2052
1183
1395
910
1064
1490
1349
1119
1530
2243
1265
1590
948
2391
1882
1665
1607
1081
1281
1693
505
1085
1553
1176
1789
1542
1264
1007
797
817
1710
2065
1362
1790
1123
1315
1733
2274
1408
995
948
1623
2149
2041
1792
1031
2065
1462
1198
956
1861
1041
1163
1238
1998
970
1430
1006
679
1576
1648
1063
594
1704
2017
1690
552
1405
1273
1969
1334
1252
1002
855
2015
939
1778
1289
1772
1644
2273
1876
1726
1575
1980
1884
2517
2605
2077
1760
1012
1416
1908
1766
1980
1951
1226
1803
2125
1641
1413
1740
783
682
1876
1698
1025
1676
1890
1229
1279
1440
743
2461
1240
1581
860
1954
1628
1029
504
1401
1482
1212
1752
1634
1199
892
2144
606
2098
1656
1600
1464
858
1964
1994
1698
1326
1612
1064
1534
1599
1972
440
1054
1435
1583
1783
3006
1807
1131
2215
2003
884
930
770
823
1510
781
1121
739
1220
1322
1726
981
1668
1087
1551
1903
1912
684
1206
1739
714
1481
1719
1963
603
1580
1994
1365
1206
781
1095
1116
1673
1057
1164
814
1192
2075
2053
1791
1293
1059
2028
2088
757
1642
1814
1522
1669
584
1524
1124
637
1316
785
938
1696
1256
1092
1593
2069
1453
1731
692
1900
755
1315
1853
1125
2070
1083
1836
1851
1411
1002
1573
770
848
2048
1539
1297
1266
1132
1265
1805
1012
1253
1013
1283
1995
1530
1509
1719
1387
1298
888
1554
2516
1802
1180
968
1370
2831
1949
1013
1789
1107
1435
994
1016
1418
935
1948
1794
1415
551
1078
1549
1087
1106
1625
2175
2506
1745
627
1373
1803
1164
1762
485
913
2038
1183
1171
851
1251
1779
1474
1573
781
1720
1146
1016
618
1003
703
2142
1961
1480
1155
1424
1927
905
1985
1592
957
1728
1807
1620
2151
1353
3037
1876
2380
1180
2022
1309
1955
1672
1936
1967
1954
1520
1174
880
1445
800
1162
1811
1550
919
1423
784
1606
1723
2027
2008
1328
1294
846
845
1127
366
1576
643
961
1710
1642
1565
982
1341
1052
2060
2241
1200
1267
916
2099
1849
907
796
928
1927
705
1896
934
2092
1872
1938
1468
1567
1276
742
1378
1246
1127
1303
1196
1407
598
1094
849
860
923
1637
771
972
719
1162
1247
1376
1681
781
2030
928
1079
1887
1441
1083
1501
1948
473
410
859
1612
1729
1358
2130
1662
965
1888
1890
1092
828
1654
2033
1492
1663
1131
1594
2024
1070
1801
459
1220
1429
1264
896
1191
1313
1897
1345
708
1198
1889
1845
1781
343
673
1970
1576
1388
1337
1141
1238
1207
250
812
1130
1395
1892
800
1182
898
1372
1999
1362
561
877
747
1651
1588
1275
870
237
2240
1533
1870
877
488
776
1856
453
1199
1065
987
1154
1502
1183
1118
1311
982
1147
793
1390
630
983
1383
1168
1032
646
1498
1602
1813
1146
1267
1745
1535
1842
1886
959
1467
1580
778
1183
2139
1830
1219
614
1084
1904
1932
1075
2049
1839
2590
1102
1618
1267
1272
1757
1700
1323
906
960
1810
1591
1538
1613
1404
1878
1445
1511
1688
1809
1411
1454
1692
1900
1031
1199
1464
1286
1987
1145
2279
1177
1838
913
1954
1138
1263
830
1521
1250
1479
1311
1380
1082
1283
1831
2326
701
1386
818
1652
1182
1291
1345
969
1018
2973
1241
1851
670
1273
1067
1256
1455
454
1048
1496
471
1748
544
1069
2190
1628
1648
623
1002
636
1831
1835
1721
2031
661
1757
1291
998
1567
2038
1639
1321
1756
1378
1917
2097
508
1684
1819
1282
446
1621
1400
1561
1355
1136
2060
959
1621
1488
1513
1791
1210
1949
594
1192
1925
954
2004
1287
1239
1301
1548
1888
324
1532
1354
1165
1048
465
1109
1160
1330
1317
965
1299
1276
1145
1368
431
927
700
1707
1442
1120
1666
1300
1740
2480
1460
1406
583
228
1549
984
1454
1614
1142
1229
2702
2288
1423
1421
779
2278
1303
1277
1333
1909
1203
1659
1818
1449
1702
1943
1484
1932
860
2287
445
1917
1581
1091
999
1048
401
1317
1096
515
659
1349
1096
1473
2178
1271
2573
808
913
1000
1265
970
1218
1488
1876
767
994
1463
2165
1083
1939
694
1579
887
1082
1101
1467
1398
1110
2224
778
1475
1528
980
1821
1574
354
1478
1591
780
224
946
928
1089
1971
1216
1096
1342
916
1579
1431
798
1393
1236
1156
1331
1584
2076
1452
1512
1150
1844
1422
828
1102
1628
1002
963
1587
958
1829
1790
1483
1579
998
1653
550
1672
1284
1647
1701
1841
1209
977
1167
986
2044
1496
661
1343
1165
1048
981
2189
987
1370
1053
1630
2015
1729
1764
506
1007
1242
1539
1185
783
1180
1193
941
980
1059
810
1540
787
1378
1397
2008
1012
1094
1331
771
2086
1530
1605
1523
1360
1093
591
1592
1097
1761
1128
763
1711
1207
501
1678
1072
987
962
1597
1210
1972
819
1182
846
2016
731
1187
1167
1259
1646
1010
519
1141
901
893
1047
1165
1042
2222
1168
2091
1719
2137
1285
596
1499
978
1006
936
2537
1441
1073
1002
981
614
1143
1217
917
662
1651
1119
1228
1913
1176
1778
2097
1186
868
1981
1595
1470
907
1680
1728
1252
1915
1084
1248
1326
1156
502
695
1848
1152
1030
765
1562
1005
1170
1744
791
956
1402
1129
1128
1515
1245
1465
594
1843
1147
723
915
1090
1043
1613
1319
474
1289
1580
1116
1587
1873
1130
1128
1034
1665
1501
1517
1672
1758
1501
1242
1062
1397
1041
1227
1297
1185
476
996
1344
1189
1166
927
1494
1476
1089
583
1185
1918
2138
1542
1195
995
1009
1024
1811
1519
2060
2078
1721
1193
1056
1666
946
1185
1440
1300
1707
2079
502
1006
1184
1664
2168
1348
1463
1097
1522
1533
669
2269
1026
1466
1076
1960
1013
1300
815
1180
1558
1168
853
1586
1212
1801
434
1032
1059
1757
1786
1034
1199
1174
804
1206
1459
1675
1370
1380
1841
2035
1224
1219
1161
1957
615
1044
1477
2378
1782
1199
1745
1241
1098
602
1826
1756
881
1579
1976
1982
1184
1179
867
1315
1518
1183
1335
1557
960
1127
460
1222
1617
2304
635
1074
1103
699
1089
983
1312
943
1548
771
1205
850
1997
1490
454
1767
1212
632
1624
687
1022
1200
1778
2377
1171
1186
1149
1327
1766
783
800
1659
1192
772
1786
1900
1850
656
1693
1740
940
775
1760
925
1585
913
1766
1144
1775
1013
1434
1992
854
1069
1774
1512
1243
1648
917
1072
965
1390
350
1454
1780
467
811
628
1034
970
1035
1952
1341
1312
1075
1365
1761
1359
1349
1844
590
1350
1162
1549
527
1738
778
1441
1599
801
900
2112
1074
1594
1503
1271
1037
1384
1508
643
1888
1323
2125
1361
547
1209
2127
1948
1458
1396
774
835
1647
995
686
1348
1568
1778
1615
1438
787
1077
1003
1207
1735
1549
1349
975
433
548
2018
577
980
906
718
563
1541
1640
2076
1510
1733
1163
850
1054
1593
560
1106
1290
1340
1329
1077
1261
1427
916
786
1253
1715
2301
2115
864
450
941
668
2028
1243
577
853
1091
1254
994
552
1516
1098
1264
1117
1151
1639
486
824
709
1479
567
1581
1364
987
1690
1033
1659
838
1400
1599
968
1132
1096
1321
1871
844
1052
502
1499
2239
1088
1457
1728
1030
1506
1402
626
754
1582
1301
758
472
1277
1548
745
1386
1620
1106
1313
1183
2039
1384
1596
1125
1158
1687
1045
1614
1321
448
1230
1003
591
757
1248
1492
760
1353
953
1161
1498
897
1232
1116
858
683
1552
1215
1756
581
581
1314
1278
1908
1575
1055
1360
1695
437
1665
2261
1511
1340
2063
516
707
1656
1625
1051
925
472
1139
1054
1228
835
1028
1446
1404
744
1931
755
854
1524
1128
868
1289
1774
1323
1936
1769
1187
1363
1826
960
1308
1263
957
812
901
1034
701
1334
550
1568
975
1314
702
1166
2010
2123
1371
1175
602
1247
1042
1244
1274
972
1605
623
1160
839
1636
1612
1094
1099
951
1082
1995
1129
1343
2298
1226
1567
895
1603
1644
1224
512
932
1128
1376
1760
941
926
898
1233
590
372
527
565
1329
1238
918
846
741
754
829
820
1726
1048
1554
1866
1766
484
1879
674
1371
350
947
831
1173
1318
803
1228
1020
1147
847
1055
643
543
1640
752
1809
1081
1733
1508
957
827
1637
295
1169
574
956
1262
438
1763
918
1370
1703
1756
614
1725
210
915
1275
1119
1305
1529
1309
1660
1095
1614
1237
1234
1145
1329
832
1084
607
1584
1559
1841
961
694
1262
1461
1100
579
1808
1684
1275
1723
899
527
1106
874
682
1509
669
753
1314
1001
1250
511
1134
941
1514
1187
1255
930
1253
1333
890
1236
1652
1478
1103
1117
1136
1394
851
1497
1538
1461
790
985
1726
451
1612
1242
1584
803
724
951
1426
924
1188
881
1210
1341
1471
1437
1053
1507
468
781
1187
251
1158
996
1162
2246
1124
970
1268
1479
694
1046
1388
943
1203
1072
1298
1899
1215
1491
1408
2054
1921
1419
1449
1347
791
977
1293
920
878
442
1355
1289
806
692
974
713
1769
755
1104
1788
692
694
1716
1420
1232
2086
744
1051
1716
1471
768
759
1315
804
1205
981
472
265
607
1160
876
1011
1278
640
467
1069
1081
1471
1019
709
209
734
857
1319
912
942
1550
790
1362
825
1233
979
452
1924
1433
1226
1179
1065
785
1223
1816
1374
663
748
1038
612
2098
1163
390
2074
1494
1185
834
1179
1447
1270
764
1399
1084
803
1976
778
1026
1824
2282
1242
1486
1503
988
810
233
705
812
518
1034
1193
319
1594
1311
1120
1115
1156
839
603
1390
582
579
1257
601
626
1292
1055
273
964
898
1161
467
1625
861
1051
1171
1040
1031
262
1292
946
1365
1729
1386
771
669
1294
1274
1777
1022
474
1493
1827
1369
1782
1327
1097
1109
951
1142
1357
1622
990
734
1065
1206
507
1002
1009
928
741
894
1543
992
978
1198
674
1369
678
655
1800
972
1258
1057
1467
1298
1338
850
1429
767
1374
1131
1371
977
1607
735
1606
950
1453
661
977
781
1024
1263
704
1008
1380
735
2231
479
500
1914
506
1008
1149
1064
1791
869
1078
1210
1157
1313
426
1254
1086
1903
1011
1496
1377
1155
559
866
794
701
1427
1268
543
431
1168
1711
1388
523
566
1445
1466
870
1810
1510
1026
1098
775
1312
1798
1680
392
2172
1432
788
591
1879
496
913
1410
1075
1041
1305
1642
997
750
603
754
1161
1297
974
481
1741
1231
471
842
1195
1417
1194
1828
659
1278
1962
781
1491
1266
498
721
1295
553
1306
1152
1417
1916
1219
1009
1133
1350
639
615
918
2033
1909
1182
1201
884
1482
1452
1089
798
1288
843
669
1294
1225
630
1261
1155
1625
867
1227
949
702
925
311
637
1059
1052
1001
1239
1320
706
1391
1206
1212
376
1765
1282
534
570
1190
750
1533
751
1568
1256
1530
1495
1211
818
1145
1031
1902
900
1527
1022
578
1498
1075
1132
713
1466
1511
2118
1795
541
1317
1695
850
1468
462
838
844
1149
1119
888
818
895
784
1219
438
635
460
640
531
792
1862
1021
1063
1406
2400
907
844
1825
1071
2425
239
1071
754
1287
1100
753
1167
1912
804
1420
848
1271
1341
1212
1165
559
1021
1384
361
1112
1203
1308
717
1000
1150
679
447
822
888
850
1386
1464
970
1151
1163
778
1330
1168
1089
1151
460
991
920
1399
1375
1085
1164
755
738
2012
1551
843
548
1587
1247
1004
1200
1514
1576
1132
2211
1125
964
1255
1382
892
1600
737
1348
1130
723
510
1240
1055
1188
1459
1303
1323
1337
711
1028
1370
901
569
1105
1209
1455
1598
1403
537
800
1298
494
1014
858
718
1657
482
821
594
1225
1817
839
725
1088
778
846
974
1474
1766
925
893
533
2032
780
865
859
1111
1252
1398
975
836
325
1774
843
1110
597
1588
1018
1043
582
2112
2000
1749
858
418
1047
1332
1333
940
547
1558
514
1798
1264
937
961
838
831
1560
474
1452
1118
677
1345
826
1586
831
1343
731
566
677
1145
780
1368
1000
898
1556
1062
407
877
792
909
2258
614
1216
1662
1013
1634
1363
765
978
1329
984
1678
1619
1440
979
1312
556
1311
1369
1609
1036
1591
759
932
1369
237
1405
1032
859
1070
1378
1500
1704
1078
1214
1050
1369
1231
1521
639
753
1014
914
1091
1613
1171
1254
1102
1720
1007
1863
826
628
913
2051
1277
619
556
803
763
1608
876
1392
1480
1000
1779
691
1751
1351
680
1668
1343
425
999
1578
1738
1091
1344
1050
575
957
726
466
1555
927
1304
1412
1270
1143
794
1481
963
1110
1112
967
491
857
669
1125
1253
578
1272
1103
1027
807
766
766
1952
1144
781
737
1256
596
766
2193
811
1218
865
1603
1933
580
626
1234
2026
1010
612
471
1577
882
664
1009
829
831
1606
419
1772
438
1175
351
1270
802
1181
1379
481
1438
1737
673
908
1882
718
996
1345
992
1244
983
1151
626
504
1217
750
830
739
983
1214
895
1304
765
780
887
1157
959
490
1000
1040
1409
735
968
470
1340
693
1034
1345
1571
1201
1191
1028
867
1084
724
913
584
1288
547
919
1225
1002
848
1096
448
930
1384
676
1687
989
597
593
1211
1810
1064
1119
1016
1243
1273
1220
639
807
1129
524
669
1244
1736
706
625
1080
1339
1022
1243
701
1027
1594
1610
785
887
1212
897
905
1166
2109
2158
619
1371
510
1055
1083
1325
803
905
1058
583
1575
665
1840
1505
1479
892
1024
1041
958
2114
1643
1123
1135
901
1527
1116
1049
528
1714
1295
556
1498
978
1220
745
1337
1116
491
627
520
1264
2127
682
926
707
794
1134
1273
582
406
2061
1275
1566
581
1125
463
1842
1048
2106
722
1191
1301
959
1292
992
1018
1069
650
1276
1079
990
652
969
1331
320
1266
736
858
912
767
1189
621
886
429
565
977
1003
845
535
809
1159
746
901
1131
791
1085
550
898
1012
1409
948
933
1645
1578
955
1322
1265
1426
582
1102
1894
1001
864
1304
668
630
670
296
1528
793
525
952
771
1342
890
1030
1146
806
397
1000
944
652
1050
573
1552
587
1067
1041
1046
843
765
1058
930
427
1774
914
598
1031
1550
1053
2003
429
996
1280
869
843
925
1462
1105
1421
593
1123
928
963
606
678
909
929
819
603
1086
1071
1927
1717
934
1107
1016
1788
1501
1276
806
1471
1492
590
682
1821
1024
1260
1110
1002
790
861
1227
1130
1752
1267
789
575
781
840
986
534
1449
572
737
733
511
1156
1035
572
1812
1100
1048
563
766
863
1894
1160
839
1826
989
607
1322
1238
1388
721
1141
688
771
468
1144
790
517
667
994
1069
851
881
849
459
1079
1025
1123
600
998
781
929
575
1060
1502
1033
766
1454
1218
1044
2103
876
1226
1335
1409
1439
345
1264
1677
761
553
614
717
583
984
639
1266
1574
832
755
716
609
410
675
1220
911
469
996
842
595
1877
958
708
939
1018
1463
994
1041
1094
937
1516
1122
1432
676
1386
1209
1117
1269
492
1345
1187
1649
522
781
682
921
851
1234
655
1056
1660
1259
1254
419
1567
496
365
1253
578
508
1285
496
1750
1016
546
681
1056
782
1077
761
1652
624
304
760
1175
245
578
729
772
691
546
1426
903
523
1592
852
1624
945
924
1983
1153
673
574
954
1250
1210
778
793
1506
916
1310
892
864
1499
609
862
1633
779
932
1233
746
831
1002
994
919
713
1285
991
726
943
835
688
949
386
964
1141
903
757
1223
968
792
583
713
1000
1724
441
1245
641
1112
840
1320
991
1534
885
1865
1135
567
793
733
765
1369
1057
573
468
655
826
625
898
297
1582
447
997
958
913
647
1416
1158
1377
855
1099
1951
769
1125
1044
1091
561
1352
1091
615
1103
1478
859
649
1242
1178
992
985
732
606
1123
716
923
1529
1801
733
547
551
856
726
617
902
1379
638
1153
983
1001
321
997
914
988
574
854
1839
675
1140
1301
1097
573
800
1055
660
1152
908
986
675
842
507
1112
228
740
537
1075
590
629
938
914
538
714
1065
932
854
494
1000
606
1613
554
1344
485
871
481
778
981
471
982
856
469
1022
877
731
550
296
667
988
1278
1111
1096
797
1782
1284
1035
1111
565
514
1016
1143
1860
649
981
1077
750
621
495
1147
1134
676
442
1309
953
1225
534
498
323
671
1282
525
1231
594
895
862
1615
1214
681
417
515
995
943
432
977
1196
731
773
218
1486
795
848
659
1033
816
926
820
895
471
435
995
531
1034
1154
1033
462
1151
466
956
768
914
509
995
950
568
1524
918
724
986
768
534
1191
456
1276
822
1162
861
1028
1281
211
1093
807
1169
652
694
992
1415
1150
973
246
920
593
1089
1071
900
754
489
1018
1418
783
736
684
1885
1198
724
690
791
921
591
443
904
780
579
1070
1333
354
648
624
1898
261
790
587
719
597
1174
528
506
690
1257
978
814
469
989
1136
636
1081
580
1217
580
1639
1011
1024
925
1117
770
979
1880
1018
1231
914
1175
959
188
816
1248
753
553
1916
450
471
499
1219
446
951
605
745
869
924
804
642
967
238
752
806
1180
339
631
451
1037
289
1559
1125
611
1217
469
309
539
570
704
909
1257
758
606
546
618
428
1487
650
479
246
1543
1031
492
516
414
614
737
1078
523
492
454
1360
1451
1112
229
388
874
648
1026
233
506
1458
938
677
602
573
746
757
698
580
324
641
757
742
780
580
632
479
1119
703
936
442
557
1318
2046
745
921
901
565
534
1736
1024
837
1597
711
1050
622
1216
943
800
1138
440
788
422
875
737
644
439
578
939
562
788
710
380
887
904
570
548
941
759
763
1115
737
1430
1863
1125
482
656
929
1226
632
643
356
527
616
398
553
1587
728
1713
1511
643
519
516
754
770
1309
1272
1859
98
1208
1569
1179
1383
386
1115
884
842
503
248
1029
1057
1089
900
683
997
899
904
664
447
895
684
1070
584
1643
863
841
1002
550
641
455
818
114
1030
924
1163
1141
464
1164
918
1074
397
405
671
1353
488
596
1129
989
1051
1135
391
1514
925
640
650
779
518
443
889
470
1108
1030
842
793
532
764
1040
598
967
1051
1012
1125
767
1082
996
967
537
608
780
1323
1070
1010
622
322
420
1006
1216
498
592
1099
667
756
461
1246
569
1263
1140
597
1103
698
502
1136
914
701
296
299
1039
467
657
961
935
640
1194
582
912
512
1483
630
671
676
582
457
497
750
1364
727
454
515
784
735
864
1124
936
464
792
675
1829
457
1417
454
1092
563
347
1087
258
671
732
880
1165
1096
840
559
1036
736
464
408
1678
437
1118
524
355
533
917
817
573
753
396
479
426
624
917
516
1180
922
533
423
1236
483
956
777
1336
490
586
436
520
746
498
467
751
466
729
823
494
449
682
506
604
1024
772
744
245
659
1239
1209
442
961
560
1228
845
677
682
587
1498
546
552
533
993
923
1305
516
507
471
419
460
898
546
465
1188
1061
1390
512
968
487
450
775
766
863
646
874
424
654
1273
472
1315
994
476
459
808
1048
687
643
427
592
1021
615
1457
733
415
533
1222
878
333
439
763
480
615
953
525
1217
934
1376
542
1094
498
537
1266
1242
978
731
504
387
899
1073
530
464
1876
1030
563
598
1508
1201
542
526
566
459
432
408
618
653
424
471
1558
467
472
732
981
568
930
887
485
666
424
688
1204
702
1168
1164
719
705
1046
650
1117
240
379
903
450
538
793
1267
405
626
619
1079
539
516
1038
510
1070
1172
541
242
705
1454
550
560
722
804
700
713
799
872
709
572
963
457
505
738
609
1134
520
522
856
677
731
1053
1046
1192
1102
674
654
775
369
478
1117
678
479
607
508
999
674
684
281
224
607
439
1036
377
750
544
540
475
220
703
555
875
531
979
691
820
405
505
514
475
857
244
405
832
620
660
999
513
1285
494
709
360
841
537
872
475
501
240
677
965
450
749
549
520
834
468
1046
1173
655
337
505
453
854
479
695
688
356
574
802
422
430
702
620
947
234
731
610
478
388
794
813
1289
501
322
622
725
639
426
234
465
969
416
553
663
241
939
568
870
226
653
556
1300
67
584
394
556
738
131
1014
724
1008
422
523
569
377
640
517
75
535
994
906
841
105
776
504
1049
611
1006
1600
530
1609
412
559
466
1122
740
112
712
240
412
440
218
755
762
573
753
772
272
254
1051
496
87
514
517
267
866
731
1069
1033
496
1053
803
67
610
569
1122
538
314
727
1017
561
267
924
633
439
82
472
1004
667
730
495
514
525
122
448
272
433
473
101
247
308
460
694
975
494
748
530
547
569
574
948
514
691
562
125
278
764
668
332
296
889
523
4
444
485
864
328
388
601
708
1103
537
236
463
222
619
305
859
1058
867
944
353
558
319
512
415
1588
289
68
472
723
627
224
536
670
911
345
714
252
701
497
631
404
499
532
968
193
290
1581
448
463
222
520
465
454
919
563
573
388
367
1027
526
520
545
332
320
517
934
673
470
232
359
691
394
734
665
614
465
1484
671
542
518
466
1050
276
506
394
939
483
177
441
930
753
477
46
506
470
413
1602
455
336
398
621
732
949
459
410
506
371
1418
438
455
477
711
508
48
458
504
962
488
440
583
46
72
352
216
700
516
871
53
65
459
823
302
357
688
712
883
202
246
1326
404
921
215
428
325
630
90
459
57
903
770
65
358
63
49
67
53
381
593
613
228
69
758
146
60
539
50
905
908
351
55
335
41
42
603
285
543
156
513
588
54
54
333
906
261
62
865
456
145
563
358
621
633
51
45
0
559
47
48
53
38
319
343
52
841
782
59
38
143
51
216
68
50
305
28
625
52
34
628
150
801
219
54
39
124
31
616
44
213
294
34
149
535
28
36
110
50
643
40
310
55
35
26
33
275
53
61
48
28
437
25
548
23
47
279
49
40
20
32
38
25
405
40
202
22
28
32
277
48
39
0
26
28
30
192
30
298
38
28
45
45
209
173
30
101
34
26
36
23
93
49
34
14
24
30
28
34
25
0
16
36
24
32
23
31
31
23
28
35
0
0
0
0
0
0
0
0
